1341847980.72298789 0.00000000 0.00000000 0.00000000 0.00000000 0.00000000 0.00000000 1.00000000
1341847986.32615590 -0.53820245 -0.12211761 0.29816365 0.01316488 0.19593848 0.09633028 0.97578444
1341847989.97073007 -0.81596451 -0.26622528 0.66177381 0.00729494 0.37832380 0.16792164 0.91028578
1341847991.37879992 -0.99852856 -0.31479793 0.72126008 0.01737028 0.41448515 0.21495624 0.88413469
1341847994.43380189 -1.18819323 -0.51815427 1.03732781 0.01366810 0.59898816 0.30466105 0.74041070
1341847996.84276295 -1.23620560 -0.64211566 1.29428903 0.00768648 0.71096103 0.38130566 0.59083105
1341847998.05080509 -1.21420779 -0.74610266 1.46246646 0.02476690 0.75288848 0.37505291 0.54025999
1341847998.75083804 -1.16618190 -0.79256448 1.57154563 0.00120918 0.74240447 0.37608660 0.55443035
1341848000.22706294 -1.05369171 -0.84407630 1.71731636 0.02149215 0.80129338 0.44582895 0.39837614
1341848001.56701112 -0.85777795 -0.83973956 1.71692562 0.01078872 0.84856547 0.46470189 0.25272989
1341848002.50675607 -0.73718959 -0.78806622 1.68777878 0.01022061 0.87033938 0.47644537 0.12411575
1341848003.47870302 -0.61681605 -0.75806087 1.68197356 -0.02178517 0.86806189 0.47332233 0.14818886
1341848003.78580689 -0.57970095 -0.74925281 1.67847382 -0.03083150 0.86030953 0.46771867 0.20039007
1341848004.32182002 -0.52867568 -0.71383996 1.64841887 -0.03384805 0.84216216 0.46515864 0.27063748
1341848004.68987107 -0.49329713 -0.69121028 1.64752248 -0.05079711 0.81787014 0.47220841 0.32484966
1341848005.35765505 -0.46002641 -0.67220379 1.64968527 -0.06171829 0.78569985 0.47323969 0.39358709
1341848005.92965603 -0.43050474 -0.66587812 1.64878574 -0.05352869 0.76078440 0.46253623 0.45210841
1341848005.92965603 -0.43047606 -0.66582887 1.64881356 -0.05363204 0.76067729 0.46256449 0.45224746
1341848006.43371010 -0.40564837 -0.67058640 1.66287257 -0.03061655 0.75051465 0.43308989 0.49822036
1341848008.20273399 -0.31134715 -0.78183867 1.78416775 0.01238742 0.79859021 0.47957726 0.36346372
1341848009.37870002 -0.21234870 -0.83075595 1.84754529 0.01665842 0.82537192 0.52351077 0.21076094
1341848010.91883302 -0.07871244 -0.77519460 1.77102654 0.01337046 0.83003887 0.54389235 0.12262877
1341848012.12685895 -0.05771145 -0.72766113 1.71000918 0.00902333 0.82493345 0.56503772 0.01165120
1341848012.96275210 -0.04655078 -0.66863824 1.64302457 -0.04884756 0.80964734 0.57429966 0.11074747
1341848013.39874792 -0.03461276 -0.65584439 1.64849567 -0.05660665 0.79890987 0.56689017 0.19280622
1341848013.69882107 -0.01836437 -0.65218159 1.65428206 -0.07018609 0.78425159 0.55659902 0.26499224
1341848014.10268593 0.00253963 -0.64736331 1.66415036 -0.08265663 0.77065133 0.53050923 0.34325555
1341848014.37055302 0.03057443 -0.64371505 1.67645970 -0.09604716 0.75208221 0.51392331 0.40128559
1341848014.57079005 0.05177042 -0.64392837 1.68500472 -0.10293382 0.73684552 0.48668762 0.45781925
1341848014.73869109 0.07241455 -0.64559405 1.69106366 -0.09720345 0.72698677 0.46919799 0.49182818
1341848014.90664697 0.08943044 -0.64925063 1.69907951 -0.08089419 0.71517576 0.46021070 0.51979406
1341848015.20723796 0.11213443 -0.63919095 1.70645656 -0.10359450 0.67851368 0.46034380 0.56300173
1341848015.47495890 0.12210073 -0.63302027 1.70544363 -0.09682474 0.63684163 0.44688043 0.62077016
1341848015.74981499 0.13210408 -0.63329442 1.70740488 -0.09660303 0.59146803 0.41436600 0.68493375
1341848015.74981499 0.13215757 -0.63320380 1.70745229 -0.09663666 0.59128032 0.41435578 0.68509724
1341848016.05393600 0.13400335 -0.63977836 1.70496673 -0.08381225 0.56029272 0.37113922 0.73573314
1341848017.52269411 0.05899694 -0.70365091 1.76603284 -0.02285598 0.62777510 0.39254164 0.67177904
1341848019.86677790 0.01129724 -0.86836495 1.99507357 0.00180270 0.77248211 0.44749840 0.45056999
1341848021.45572805 0.13041393 -0.95481182 2.11700680 0.02880402 0.85522635 0.47034454 0.21571796
1341848022.55423093 0.29564353 -0.98749304 2.12402293 0.02753144 0.89174813 0.44850444 0.05358222
1341848023.11878896 0.37472912 -0.97511453 2.08306402 0.00635943 0.88063246 0.46787387 -0.07443163
1341848024.09082794 0.47381044 -0.91584538 1.99457981 0.00664810 0.84605359 0.47625499 -0.23943747
1341848025.23064590 0.56288129 -0.84403829 1.90068411 0.02023071 0.79587911 0.47847722 -0.37044125
1341848026.40272498 0.64995976 -0.79070735 1.82507328 0.05008835 0.75282847 0.46190013 -0.46624964
1341848027.10666299 0.72139540 -0.75656700 1.77367857 0.04701397 0.74128455 0.45526695 -0.49093676
1341848027.77876806 0.81158479 -0.73724835 1.73685263 0.04156112 0.75865382 0.42938353 -0.48820778
1341848028.41462803 0.84558935 -0.70757443 1.67488714 0.03416008 0.76736644 0.42366635 -0.48009234
1341848029.01872802 0.88250076 -0.67052840 1.60404734 0.04557730 0.76624315 0.41975205 -0.48435767
1341848030.42279506 1.00483316 -0.60842489 1.50365241 0.04017517 0.70471631 0.40651027 -0.58009506
1341848033.71080804 1.16425650 -0.46115690 1.20335003 -0.04535684 -0.59092797 -0.28180697 0.75454074
1341848037.19472408 1.19033638 -0.29717817 0.84652488 -0.02828443 -0.44275418 -0.12801130 0.88700724
1341848037.19472408 1.19041211 -0.29702947 0.84659433 -0.02835967 -0.44288718 -0.12809461 0.88692640
1341848039.97481489 1.01118539 -0.13649780 0.53312773 -0.00808803 -0.30642417 -0.09242109 0.94736326
1341848041.41876793 0.87301335 -0.09147862 0.44980549 -0.03146826 -0.16281771 -0.00162076 0.98615289
1341848043.50169611 0.58691973 -0.09785818 0.48098628 -0.04754868 0.04793102 0.12428585 0.98994685
1341848045.84286499 0.37084929 -0.16990449 0.67488595 -0.06258445 0.14306584 0.20479155 0.96626900
1341848046.28359890 0.33330447 -0.17674836 0.71011254 -0.06864014 0.10857460 0.17044022 0.97695968
1341848046.74688792 0.27911967 -0.16867771 0.71818661 -0.07037386 0.08768072 0.14385428 0.98319152
1341848047.38303804 0.19691910 -0.15221086 0.68415349 -0.07226832 0.07190179 0.12912219 0.98637462
1341848048.01889706 0.11593816 -0.15387177 0.66418002 -0.06432302 0.05891061 0.11360019 0.98969040
1341848048.92676806 0.02065041 -0.17066559 0.64393763 -0.02085526 0.08575263 0.10979978 0.99002806
1341848049.69506407 -0.07203971 -0.16813678 0.60091762 0.01310853 0.08844985 0.10462155 0.99048429
1341848050.19872594 -0.13115498 -0.15339161 0.57452883 0.00798844 0.05122873 0.08457388 0.99506737
1341848050.66681600 -0.17881832 -0.14912862 0.56618535 0.00825582 0.00736645 0.04757164 0.99880655
1341848051.07078409 -0.21676886 -0.14689019 0.56028377 0.01535031 -0.03930329 0.02596383 0.99877200
1341848051.50671792 -0.23846392 -0.14541634 0.54648006 0.04015732 -0.07998693 0.00306449 0.99598197
1341848051.83875704 -0.23759432 -0.14204804 0.53955507 0.06443609 -0.13210263 -0.05861599 0.98740116
1341848052.74683309 -0.19841867 -0.10206250 0.49090907 0.05934848 -0.08728030 -0.14757333 0.98340328
1341848052.74683309 -0.19836216 -0.10195311 0.49096423 0.05921722 -0.08738734 -0.14747008 0.98341718
1341848053.14698505 -0.15205386 -0.09092183 0.46101418 0.05582156 -0.04331293 -0.13674149 0.98808386
1341848053.55391502 -0.11466393 -0.08096755 0.43164122 0.05096783 0.00420842 -0.09530843 0.99413323
1341848053.82162499 -0.10036397 -0.07658120 0.41644909 0.03032077 0.05148892 -0.04846322 0.99703604
1341848054.92275405 -0.12355773 -0.07640689 0.31291832 0.02911859 0.11340830 0.06849431 0.99075688
1341848056.66675901 -0.33980893 -0.02267048 0.19599872 0.03106867 0.16277685 0.15682010 0.97362513
1341848057.57106900 -0.49512797 -0.02675272 0.21450919 -0.00983394 0.18682747 0.15463466 0.97009634
1341848058.44279408 -0.66361260 -0.04698530 0.24651665 0.00302273 0.19638818 0.17780454 0.96426557
1341848059.95080495 -0.72919860 -0.07066004 0.29324141 0.04307263 0.28463264 0.20718204 0.93498909
1341848061.35886693 -0.66173593 -0.07120629 0.27748635 0.09947272 0.27786763 0.16140555 0.94172342
1341848065.75067401 -0.22766916 -0.08239258 0.31527108 0.07785394 0.14909192 0.09703984 0.98096566
