1305031102.17530394 0.00000000 0.00000000 0.00000000 0.00000000 0.00000000 0.00000000 1.00000000
1305031102.91118503 -0.01264326 0.05591821 0.28186878 -0.04689824 -0.00506228 -0.00662264 0.99886489
1305031104.27554607 0.00320482 -0.03101084 0.07292543 -0.02572695 -0.03972664 -0.01563593 0.99875695
1305031104.67552495 0.00653828 -0.05865320 -0.06184656 0.02589743 -0.00617979 -0.01147468 0.99957964
1305031104.84325790 0.01887270 -0.05010058 -0.11290606 0.08735519 0.02706403 0.00064787 0.99580931
1305031105.24326992 -0.00207558 -0.01448987 -0.01589834 0.03294704 0.01499878 -0.00471483 0.99933343
1305031105.44331598 -0.01531593 -0.01184081 0.07668774 -0.01445408 -0.01926365 -0.00826290 0.99967581
1305031106.14335489 -0.00437350 0.05648605 0.37161489 -0.06373123 0.00363637 0.01813174 0.99779574
1305031107.14326000 -0.01493543 -0.00853883 0.11787590 -0.05059121 -0.03236687 -0.02369103 0.99791365
1305031107.41127110 -0.00118525 -0.03886284 0.01694658 0.00225422 -0.00568491 -0.02908189 0.99955832
1305031108.11137795 0.08057893 -0.02448916 0.04261246 0.00968279 0.04370579 -0.01991403 0.99879902
1305031108.47547102 0.22056065 -0.01208281 0.07856108 -0.02195019 0.04851919 0.01015448 0.99852940
1305031108.74350190 0.33035008 -0.00303584 0.08475571 -0.02025949 0.08975510 0.02325155 0.99548628
1305031109.31132889 0.23324529 -0.00083522 0.06675729 -0.02758778 0.04557343 0.04429225 0.99759720
1305031109.54329395 0.13278884 0.00139328 0.06166891 -0.03644754 0.00896404 0.02272774 0.99903687
1305031109.84329605 0.00611261 0.01691540 0.05755188 -0.05275405 -0.00557592 0.01953944 0.99840079
1305031110.14343190 -0.12486085 0.02535980 0.08827923 -0.07647744 -0.02899146 -0.02401551 0.99636035
1305031110.14343190 -0.12481904 0.02524642 0.08882251 -0.07652214 -0.02909724 -0.02406989 0.99635252
1305031110.44325995 -0.23239272 0.03481670 0.08572412 -0.07949068 -0.06702327 -0.03801108 0.99385324
1305031110.74324894 -0.32098495 0.04571601 0.07494290 -0.09166743 -0.10456320 -0.06771733 0.98796659
1305031111.47925901 -0.14713745 0.04096712 0.08975146 -0.07908395 -0.08352324 -0.05626713 0.99176792
1305031111.71176004 -0.04076823 0.03004549 0.10013911 -0.06320310 -0.04118905 -0.02408778 0.99685937
1305031111.84329891 0.02684931 0.02430740 0.10539846 -0.05152685 0.00624010 -0.01510163 0.99853792
1305031112.07933903 0.13699826 0.01867142 0.10665788 -0.04206979 0.03199293 0.00832160 0.99856764
1305031112.24336910 0.20526052 0.00978403 0.10783551 -0.03741395 0.07290911 -0.01569317 0.99651301
1305031112.67995191 0.34839853 0.00784984 0.09985083 -0.00518723 0.07521649 0.04028427 0.99633968
1305031113.14330602 0.27013282 0.02223289 0.10349381 -0.03382328 0.05265868 0.03163811 0.99753801
1305031113.37931204 0.15287630 0.00671677 0.10333052 -0.03667174 0.01474840 0.03788221 0.99850018
1305031113.54324198 0.06245422 -0.00065103 0.10568752 -0.04397424 -0.01468850 0.02201601 0.99868204
1305031114.04330111 -0.16684328 0.00776157 0.10024017 -0.03149883 -0.01252525 -0.03545441 0.99879624
1305031114.31142902 -0.28017528 0.01720123 0.10613497 -0.02495296 -0.04660222 -0.05205192 0.99724429
1305031114.67925096 -0.37441589 0.01577642 0.11579883 -0.04039284 -0.08840255 -0.06106451 0.99339042
1305031115.27996612 -0.23216327 0.03372010 0.13263244 -0.04879278 -0.07131877 -0.05936054 0.99448943
1305031115.54360390 -0.07761926 0.03126256 0.16562278 -0.06551763 -0.05363638 -0.01924952 0.99622288
1305031115.54360390 -0.07748568 0.03115848 0.16543291 -0.06561438 -0.05375574 -0.01916929 0.99621163
1305031115.74324989 0.03662128 0.02263831 0.16856670 -0.06251236 -0.02093190 0.02706594 0.99745752
1305031115.91111803 0.11350638 0.02490361 0.16949419 -0.05819303 0.01990533 0.06205973 0.99617566
1305031116.08002996 0.18587283 0.04126886 0.17562556 -0.06731539 0.06365756 0.07976067 0.99249916
1305031116.27938509 0.25397327 0.04718685 0.18732823 -0.08425847 0.10927719 0.09929541 0.98544377
1305031116.88016510 0.11858598 0.04342052 0.17240320 -0.07951019 0.07205769 0.03537826 0.99359660
1305031117.01138210 0.04070041 0.04510259 0.16675166 -0.07740101 0.02347172 0.00643872 0.99670292
1305031117.17926407 -0.02581891 0.06157150 0.15716616 -0.08508488 -0.02966103 -0.01124996 0.99586858
1305031117.81132007 -0.05457078 -0.04529016 0.17958432 -0.08413888 -0.06062021 -0.00602579 0.99459013
1305031118.21120191 -0.06306338 -0.17698831 0.23662558 -0.07814849 -0.03489491 -0.01329850 0.99624209
1305031119.34774089 -0.05980198 0.02815071 0.14045520 -0.05829989 -0.05449078 -0.02181114 0.99657220
1305031119.71523190 -0.06092041 0.16074786 0.11234552 -0.07736753 -0.04059138 -0.01717026 0.99602801
1305031120.81494403 -0.05586060 0.06338424 0.15987905 -0.04154191 -0.05617977 0.01290554 0.99747258
1305031121.28287601 -0.06226870 -0.08655331 0.19832693 -0.02792483 -0.05891135 -0.00132495 0.99787169
1305031122.68340206 -0.07227352 0.00228250 0.14607699 -0.05655430 -0.07117667 -0.02793989 0.99546715
1305031123.15082192 -0.07427495 0.15042412 0.11480728 -0.08112536 -0.06029773 -0.01213187 0.99480434
1305031123.38225508 -0.06518540 0.22734417 0.10762734 -0.11457508 -0.03698550 -0.00642542 0.99270506
1305031123.38225508 -0.06509125 0.22732084 0.10699328 -0.11449339 -0.03704389 -0.00628968 0.99271318
1305031123.68375301 -0.05120748 0.30718118 0.09604098 -0.13807912 -0.02043211 0.01278354 0.99012790
1305031124.28254509 -0.05224022 0.23418926 0.11916463 -0.11278995 -0.04413624 0.01907447 0.99245483
1305031124.51132393 -0.05154378 0.15075877 0.13473706 -0.07484149 -0.06022441 0.00868771 0.99533728
1305031124.77936506 -0.05498220 0.04621821 0.15697444 -0.04273237 -0.07211432 -0.00666285 0.99645827
1305031125.15101290 -0.05320865 -0.08604274 0.21337153 -0.02785424 -0.07631111 -0.00367113 0.99668816
1305031126.31133199 -0.04999039 0.04386173 0.17966150 -0.05940569 -0.06506045 -0.01300176 0.99602663
1305031126.61152792 -0.04656603 0.14527111 0.16205312 -0.09952655 -0.05448295 -0.00710156 0.99351681
