1341836644.46430397 0.00000000 0.00000000 0.00000000 0.00000000 0.00000000 0.00000000 1.00000000
1341836649.65953898 -0.47431907 -0.09429119 0.15168516 -0.00173910 0.19433452 0.11239810 0.97447306
1341836653.44444394 -0.72034912 -0.19564507 0.31201046 0.01478721 0.30726558 0.20124137 0.92998447
1341836654.92347002 -0.81669773 -0.25007962 0.39898506 0.00381456 0.39328007 0.24354072 0.88656875
1341836657.16781402 -0.83803390 -0.32346460 0.55373043 0.03093057 0.46564902 0.29325881 0.83439413
1341836659.31154704 -0.98825073 -0.35749863 0.61250684 -0.04286126 0.42033054 0.26461090 0.86687151
1341836661.08449793 -1.06115963 -0.41996656 0.70941497 -0.01135778 0.41691985 0.27699187 0.86563523
1341836663.37159610 -1.11742024 -0.40175260 0.72584199 0.02049734 0.25802149 0.16404091 0.95189041
1341836664.33681703 -1.17837295 -0.42617987 0.74879137 0.02669295 0.18910537 0.10904872 0.97551782
1341836667.65635490 -1.40722214 -0.51145865 0.79671888 0.02254055 0.30414769 0.20290183 0.93049286
1341836668.83148003 -1.45958440 -0.59954933 0.90268681 0.03505450 0.35220617 0.24707371 0.90204023
1341836670.77239704 -1.59194329 -0.69320976 1.03385156 0.03649048 0.48039178 0.30070084 0.82308638
1341836672.38352394 -1.72615804 -0.71844397 1.17730040 -0.00617504 0.51934611 0.28456789 0.80576833
1341836674.42777610 -1.80601959 -0.85493190 1.35204657 0.01069990 0.55856174 0.35835543 0.74798107
1341836675.93236494 -1.77304789 -0.97274557 1.51584764 -0.01056584 0.54983070 0.41141246 0.72685236
1341836676.03244591 -1.81157907 -0.97200743 1.49787667 -0.01326911 0.54234537 0.40678472 0.73499090
1341836676.13637710 -1.79242296 -0.96686993 1.49657944 -0.01115093 0.53177101 0.42362302 0.73323856
1341836676.13637710 -1.79242296 -0.96686993 1.49657944 -0.01115093 0.53177101 0.42362302 0.73323856
1341836676.73937297 -1.78089944 -1.01418218 1.55000801 0.00668762 0.53132666 0.42241104 0.73431340
1341836678.35145211 -1.82827061 -1.11457299 1.66352982 -0.01426288 0.49615673 0.38200797 0.77954793
