1341841278.84266901 0.00000000 0.00000000 0.00000000 0.00000000 0.00000000 0.00000000 1.00000000
1341841279.71451807 -0.14537312 -0.03101743 0.03415498 0.01331341 0.05816646 0.05732153 0.99657095
1341841281.79055095 -0.48707706 -0.16795316 0.19366421 0.00232918 0.22145652 0.19592031 0.95528363
1341841282.02656698 -0.51467929 -0.20155696 0.22549776 -0.00063337 0.24397795 0.21411372 0.94584865
1341841284.43904090 -0.82019909 -0.47774743 0.54757569 -0.02970249 0.47031862 0.37856081 0.79662405
1341841285.84652805 -0.87551571 -0.71034850 0.79202520 -0.02307260 0.54018666 0.45145146 0.70982928
1341841288.09063292 -0.70929228 -0.98554588 1.13498734 -0.05040692 0.66008121 0.53964091 0.52013424
1341841289.26651406 -0.56322346 -1.12882355 1.30391762 -0.05249766 0.69353877 0.56530919 0.44347885
1341841291.64258409 -0.20821487 -1.21678072 1.50211707 -0.02588957 0.76329977 0.60165218 0.23391845
1341841292.04728103 -0.15578794 -1.21710072 1.49473195 0.00919456 0.80055348 0.58163283 0.14398903
1341841293.18647194 -0.03040596 -1.18067884 1.51976836 -0.02354565 0.82820663 0.55642766 0.06251117
1341841294.70166802 0.11693075 -1.25331661 1.54678962 -0.05042613 0.78650742 0.61541358 -0.01137576
1341841296.80652308 0.46963374 -1.35618982 1.52550122 0.00767688 0.76674450 0.61177748 -0.19435084
1341841298.48259401 0.68223937 -1.21460392 1.38418207 -0.00915525 0.72899910 0.59856668 -0.33195545
1341841299.45445490 0.85436601 -1.11105420 1.27010466 -0.01011833 0.72334400 0.57517103 -0.38190230
1341841302.80962896 0.97291069 -0.71471588 0.81113955 0.01925580 -0.60901830 -0.49009730 0.62332220
1341841305.51849794 0.95070026 -0.38906694 0.45003007 -0.00711243 -0.48018085 -0.40315224 0.77900194
1341841305.51849794 0.95070026 -0.38906694 0.45003007 -0.00711243 -0.48018085 -0.40315224 0.77900194
1341841306.29056001 0.90394248 -0.37007263 0.39584194 0.00937096 -0.44363954 -0.36555573 0.81820850
1341841306.52662897 0.89305707 -0.37306134 0.38777284 0.01341046 -0.41529752 -0.33462281 0.84579886
1341841306.79590297 0.90714838 -0.37394384 0.38428050 -0.04380524 -0.39195192 -0.29414235 0.87059467
1341841307.69866896 0.85626279 -0.33919180 0.31106474 0.01588871 -0.39884086 -0.32413998 0.85767522
1341841309.64559293 0.75044628 -0.23886502 0.12511995 0.00096047 -0.35481894 -0.26193580 0.89749219
1341841310.02169609 0.74144157 -0.20701088 0.12270442 -0.03394465 -0.29476328 -0.25222726 0.92105580
1341841311.75449395 0.62142428 -0.11696378 -0.01081339 -0.01255158 -0.20770763 -0.20820452 0.95569392
1341841313.36972690 0.44656493 -0.06339457 -0.11365481 -0.00453374 -0.13022681 -0.11491919 0.98479135
1341841315.28167892 0.25366640 -0.02936687 -0.17718307 -0.03127915 -0.04877905 -0.03874585 0.99756753
1341841316.47854805 0.04130414 -0.04105709 -0.20529910 -0.00854120 -0.00806729 0.03189357 0.99942222
