1311868164.36318111 0.00000000 0.00000000 0.00000000 0.00000000 0.00000000 0.00000000 1.00000000
1311868166.06311107 0.19356319 0.04061810 -0.08644014 -0.01510608 -0.02211017 -0.02672287 0.99928416
1311868166.46301794 0.19787828 0.07836061 -0.11686084 -0.05470223 -0.00207483 -0.02458047 0.99819796
1311868169.06335402 0.41215801 -0.00773383 -0.03020761 -0.01758126 -0.12985931 -0.07718804 0.98836707
1311868169.46322894 0.43668094 -0.05567039 0.01420827 0.01286600 -0.20294745 -0.11606876 0.97220103
1311868172.13154602 0.75466007 -0.07978167 0.05858801 -0.00652330 -0.32001340 -0.18897714 0.92835150
1311868172.53160596 0.79310765 -0.07187702 0.09306213 -0.03409273 -0.31127564 -0.20894521 0.92643783
1311868172.79962301 0.81090774 -0.06694563 0.12810007 -0.06554027 -0.29768421 -0.21143107 0.92864713
1311868174.56758499 0.89831897 -0.19038607 0.33348020 -0.04168313 -0.40742015 -0.27157442 0.87092978
1311868175.13171911 0.88092607 -0.24087587 0.37422301 -0.00418727 -0.42303616 -0.25210705 0.87032460
1311868175.43199396 0.86175749 -0.27221428 0.39826473 0.04005859 -0.44705414 -0.21821690 0.86655599
1311868175.79981494 0.85663837 -0.30250740 0.43607403 0.06819677 -0.47187764 -0.19471642 0.85718505
1311868177.53175092 0.89563433 -0.39701820 0.67670337 0.03302382 -0.53083466 -0.26763386 0.80342772
1311868178.16795492 0.91395678 -0.41761173 0.76194427 0.01116014 -0.58238945 -0.31558534 0.74906867
1311868179.33305001 1.08489223 -0.41862235 0.78959037 -0.02335829 -0.60251826 -0.33054399 0.72606254
1311868180.20002294 1.20354751 -0.44340246 0.85469931 -0.04711993 -0.60449407 -0.35507088 0.71154150
1311868182.43605304 1.07769311 -0.50557583 0.99505166 -0.06007848 -0.59895395 -0.35223138 0.71664342
1311868182.43605304 1.07714461 -0.50529377 0.99539350 -0.06000473 -0.59888451 -0.35254117 0.71655530
1311868182.83615494 1.00127537 -0.54047265 1.02473378 -0.03030168 -0.63853696 -0.33556281 0.69191760
1311868183.30036306 0.89676729 -0.60071782 1.07129315 -0.00751546 0.69195918 0.36601781 -0.62222742
1311868184.16901493 0.73435843 -0.65445775 1.08952611 0.01582835 0.72711160 0.35636032 -0.58657097
1311868184.90044498 0.60943539 -0.69520025 1.13570824 -0.00446754 0.77534064 0.34109749 -0.53148794
1311868185.70197201 0.49242717 -0.73080115 1.16512606 -0.04695970 0.79761496 0.31251769 -0.51374882
1311868186.50048995 0.42620897 -0.72949301 1.22385274 -0.01829974 0.84133492 0.34420843 -0.41634268
1311868187.33661103 0.50346340 -0.74423567 1.28712178 0.00695612 0.83312808 0.38328741 -0.39867278
1311868188.30089998 0.50704538 -0.77297576 1.43583295 0.01187693 0.83736760 0.42126409 -0.34815370
1311868188.76866293 0.52661331 -0.77363884 1.49407496 0.03967559 0.83073080 0.45215723 -0.32228251
1311868189.23829198 0.60314206 -0.78438075 1.54776989 0.06469449 0.80985670 0.47904632 -0.33235730
1311868189.86868501 0.64990675 -0.80702979 1.61701169 0.06940661 0.78811010 0.50418521 -0.34621159
1311868191.13666701 0.62357219 -0.87329148 1.76616778 0.07301662 0.78634908 0.49662418 -0.36012236
1311868192.73939204 0.53165343 -0.87837839 1.72324140 0.05555904 0.78591060 0.48660929 -0.37745081
1311868193.43898511 0.48818932 -0.89162980 1.68374673 0.06090583 0.80986660 0.48755141 -0.32046871
1311868194.60952902 0.43443516 -0.95243433 1.64726980 0.02326904 0.83827995 0.46023276 -0.29142937
1311868195.96901894 0.40766254 -0.98995821 1.75384699 0.01634414 0.82808795 0.45268187 -0.33027616
1311868195.96901894 0.40713162 -0.98924700 1.75380199 0.01623954 0.82808861 0.45264739 -0.33032691
1311868196.53708792 0.44784216 -0.98885484 1.80352460 0.05218482 0.80198223 0.46655757 -0.36935792
1311868197.26918292 0.44005128 -1.00662094 1.89166598 0.05982937 0.78839516 0.48685729 -0.37124587
1311868197.93719602 0.39630462 -1.01565380 1.97591377 0.07332382 0.78461959 0.51966061 -0.33007358
1311868200.60520411 0.14115106 -1.02988857 2.05175387 0.05365374 0.80842361 0.55822957 -0.17875203
1311868202.60542798 -0.00145259 -1.03093831 2.09126819 0.04038254 0.80336556 0.57925865 -0.13203197
1311868203.30549502 -0.05125133 -1.05352107 2.06355985 0.04659752 0.82978069 0.54869614 -0.09069302
1311868204.13766599 -0.11859593 -1.11654497 1.98059839 0.02608461 0.83992731 0.54203604 -0.00621642
1311868205.37354708 -0.22517176 -1.20757410 1.89733323 0.01430062 0.84784725 0.52947534 0.02462525
1311868206.03799200 -0.24244847 -1.23842193 1.87423468 0.02333348 0.87909347 0.47571781 0.01851467
1311868207.73782992 -0.33690956 -1.15196333 1.92994231 0.00358540 0.86576536 0.49648319 0.06278478
1311868208.50577998 -0.39244823 -1.10713708 1.98897758 -0.01126792 0.85072319 0.52224352 0.05835057
1311868209.20577002 -0.43547725 -1.05074320 2.02412649 -0.00224879 0.82865879 0.55740211 0.05120983
1311868211.94229293 -0.63208032 -0.94151503 1.99841199 -0.00986789 0.81600806 0.56168677 0.13616700
1311868213.74220991 -0.74566342 -0.90921933 1.91762352 -0.02811221 0.82159412 0.54935056 0.14968888
1311868214.94219398 -0.80703744 -0.89522709 1.85176922 -0.00582766 0.81754410 0.52332113 0.24025545
1311868215.87420511 -0.82740715 -0.92055878 1.77025403 -0.03005091 0.80878672 0.49155542 0.32145645
1311868215.87420511 -0.82746024 -0.92014394 1.76970888 -0.03020673 0.80894156 0.49159502 0.32099134
1311868217.14374709 -0.84569773 -0.98061850 1.65656367 -0.00478142 0.81747998 0.47451388 0.32640497
1311868219.84277701 -0.92088847 -0.81389535 1.70738136 0.02695006 0.79792834 0.46431566 0.38339930
1311868220.44260907 -0.94079292 -0.75886118 1.75171987 0.02499486 0.77269744 0.48068649 0.41382897
1311868221.21061802 -0.98418193 -0.72341154 1.77708776 0.00649002 0.74928999 0.50674635 0.42629862
1311868227.07710290 -1.24470083 -0.57141484 1.42065342 0.00665119 0.69489292 0.46888996 0.54518051
1311868230.18056989 -1.18412482 -0.52485720 1.08631158 -0.00683532 0.61291592 0.43634229 0.65870536
1311868231.14319110 -1.09648791 -0.55572125 0.97624694 -0.00673734 0.62873563 0.42450625 0.65149103
1311868237.64768791 -1.17998043 -0.26239505 0.66421619 -0.00613210 0.50544045 0.32492430 0.79932256
1311868238.91176796 -1.16865276 -0.15145515 0.54101486 -0.02231840 0.46075768 0.33142810 0.82301863
1311868240.64789200 -1.11770409 -0.02781188 0.39983997 -0.05376914 0.35563764 0.25944046 0.89628199
1311868241.87985706 -1.00732123 -0.10898323 0.33425216 -0.05609328 0.34196475 0.27743710 0.89607048
1311868243.97998405 -0.88649148 -0.06333835 0.17045473 -0.05566716 0.22485531 0.16977790 0.95787093
1311868245.04832006 -0.81501378 0.04796396 0.11173047 -0.07090688 0.20122893 0.14967592 0.96544096
1311868246.48036194 -0.67572551 0.14979941 0.01607327 -0.08292670 0.12944774 0.13439442 0.97893033
1311868247.84836793 -0.56494589 0.13562966 -0.01186070 -0.08801609 0.14022847 0.13290038 0.97720348
1311868249.24824905 -0.34669115 0.02698117 0.05335390 -0.12705232 0.08341771 0.07892673 0.98522574
1311868249.24824905 -0.34670775 0.02691796 0.05327873 -0.12684162 0.08328855 0.07867495 0.98528396
1311868249.91656303 -0.30006351 -0.03611736 0.10039070 -0.10910249 0.09278742 0.07695104 0.98669432
1311868250.88046288 -0.27872552 -0.13542696 0.16207474 -0.07286314 0.08210645 0.07608714 0.99103998
1311868252.51663303 -0.13117936 -0.04877940 0.05823383 -0.07566191 0.04410351 0.00833692 0.99612281
1311868253.24872494 -0.03117100 0.00184317 0.02908984 -0.09925942 0.03682846 0.02369570 0.99409745
1311868254.68085790 0.18311967 0.03639368 0.03422386 -0.12531155 -0.04716794 -0.02474402 0.99068660
1311868255.88495111 0.31319685 0.06012389 0.02586552 -0.14274204 -0.08250177 -0.03212186 0.98579225
1311868256.61692905 0.41206343 0.01594521 0.07446265 -0.12573068 -0.10454245 -0.04969956 0.98528809
1311868258.08617806 0.55354716 -0.10754191 0.14508903 -0.13062685 -0.22746381 -0.15354235 0.95269176
1311868259.04892206 0.55471894 -0.22837939 0.24704557 -0.11911126 -0.26073196 -0.17337915 0.94221602
