1341840083.78997397 0.00000000 0.00000000 0.00000000 0.00000000 0.00000000 0.00000000 1.00000000
1341840087.01308608 -0.20318314 -0.01339700 0.01920184 -0.01333277 0.04337958 0.09722276 0.99422743
1341840088.98593593 -0.39884566 -0.11480049 -0.00761577 0.04109449 0.12340494 0.23271919 0.96380716
1341840089.99788904 -0.51482506 -0.21497733 0.02595662 0.04317579 0.14728931 0.29290208 0.94374259
1341840091.16212511 -0.63893522 -0.30047176 0.06142507 0.03232673 0.18034320 0.36996464 0.91080046
1341840092.70728493 -0.77165720 -0.43669909 0.13694948 0.02657599 0.22325667 0.48905082 0.84278079
1341840094.85006905 -0.84718742 -0.67632182 0.25622919 -0.00688241 0.29311786 0.61692541 0.73036812
1341840097.26212811 -0.85125448 -0.95412197 0.37553096 -0.02144252 0.36332775 0.75009164 0.55217361
1341840099.07406497 -0.81861506 -1.25776458 0.48317614 -0.03491134 0.37589836 0.79056122 0.48217691
1341840100.98201990 -0.66117665 -1.43640884 0.57033348 -0.04010218 0.38607472 0.83173630 0.39692927
1341840101.28615808 -0.60646544 -1.48728834 0.57262667 -0.01393920 0.42575091 0.80440785 0.41408922
1341840103.10097909 -0.49212910 -1.59826746 0.63840502 -0.03174470 0.43015959 0.85543883 0.28666950
1341840104.10502791 -0.39587764 -1.69613662 0.67787304 -0.03689486 0.41316877 0.88401322 0.21552486
1341840106.48632598 -0.16574993 -1.84254308 0.71549643 -0.01893783 0.42385826 0.90286973 0.06936710
1341840109.22620702 0.03814140 -1.87745823 0.78602672 -0.03505080 0.40054148 0.91373523 -0.05853122
1341840110.50261092 0.25012917 -1.86038417 0.73689166 -0.04951526 0.43749549 0.89330757 -0.09026364
1341840112.51394701 0.50226040 -1.95220434 0.77565727 -0.05290062 0.45611117 0.88419357 -0.08582449
1341840112.51394701 0.50226040 -1.95220434 0.77565727 -0.05290062 0.45611117 0.88419357 -0.08582449
1341840113.75401592 0.69127989 -1.96204871 0.84269922 -0.05093484 0.40524165 0.90110270 -0.14559795
1341840115.79816103 0.92887438 -1.95485556 0.84477333 -0.06895703 0.38994455 0.87095703 -0.29089865
1341840117.97403193 1.13469361 -1.86668041 0.79198785 -0.08291202 0.38342537 0.78671186 -0.47664980
1341840120.28595710 1.24793914 -1.63733733 0.72025551 -0.06580575 0.33855650 0.72215395 -0.59961885
1341840123.80603099 1.25066112 -1.25305850 0.57423065 -0.07151849 0.30513723 0.67737600 -0.66553597
1341840124.51026297 1.21585471 -1.14422006 0.52106421 -0.06311032 0.32332720 0.67239783 -0.66284068
1341840125.68212605 1.20965353 -0.98429098 0.47414334 0.04721899 -0.29258142 -0.65549115 0.69462064
1341840126.65407109 1.16144588 -0.81820860 0.45166171 0.01342218 -0.26794625 -0.64923610 0.71170017
1341840128.70208812 1.08565857 -0.61593841 0.37886931 0.02916679 -0.21260215 -0.57594372 0.78882093
1341840130.58779597 0.95908222 -0.42934204 0.32909337 0.03197483 -0.17813717 -0.52837418 0.82949713
1341840132.48601198 0.83970025 -0.30469779 0.29305159 0.05289793 -0.14244718 -0.48502256 0.86119900
1341840133.42665291 0.75707477 -0.22072018 0.28123535 0.04771542 -0.13381725 -0.49150346 0.85920925
1341840134.29798698 0.72027946 -0.14842012 0.24822697 0.03092962 -0.12018351 -0.48753690 0.86423785
1341840135.63822699 0.64040012 -0.02200202 0.20715141 0.02724831 -0.09064373 -0.42521738 0.90012856
1341840136.94610095 0.54380786 0.06114783 0.21729661 0.02319281 -0.07434701 -0.30528343 0.94907146
1341840137.75958705 0.45697644 0.10742698 0.20016158 0.02396760 -0.08074541 -0.25678737 0.96279072
1341840137.75958705 0.45697644 0.10742698 0.20016158 0.02396760 -0.08074541 -0.25678737 0.96279072
1341840138.89316201 0.33160823 0.13045056 0.19933934 -0.00518011 -0.07115266 -0.17580099 0.98183730
