1311875813.73836303 0.00000000 0.00000000 0.00000000 0.00000000 0.00000000 0.00000000 1.00000000
1311875813.90484190 -0.03538745 -0.00604923 -0.04379312 0.02481933 -0.05036764 0.01128583 0.99835852
1311875814.10792089 -0.06085321 -0.01248541 -0.08442188 0.05389586 -0.10212772 0.00677203 0.99328712
1311875814.77342701 -0.12814436 -0.03867966 -0.15410956 0.11710116 -0.10551684 0.01887196 0.98731827
1311875815.10212493 -0.14925301 -0.04710637 -0.16147091 0.14795436 -0.15119639 0.04644061 0.97626453
1311875815.57213807 -0.15662407 -0.03685865 -0.16902298 0.09051985 -0.18755882 0.03582336 0.97741728
1311875815.93967700 -0.13706598 -0.02566112 -0.17506623 0.02092846 -0.21776498 0.03003909 0.97531434
1311875816.20548892 -0.12177439 0.00200588 -0.16537846 -0.04597472 -0.19581047 0.00590391 0.97954568
1311875816.44206095 -0.10366895 0.02036679 -0.16594509 -0.08402355 -0.15352916 -0.00451445 0.98455496
1311875816.74058700 -0.07693063 0.02649754 -0.17023276 -0.10249108 -0.09144577 -0.01526461 0.99040408
1311875816.93967295 -0.05841190 0.02300317 -0.18340184 -0.09765637 -0.05314985 -0.01688110 0.99365656
1311875817.27335906 -0.03450439 -0.00323869 -0.21575900 -0.05234710 -0.01759553 -0.02110096 0.99825093
1311875817.64172196 -0.02937749 -0.01662748 -0.21398712 0.03125137 -0.01735296 -0.01392047 0.99926395
1311875817.90153599 -0.02033831 -0.02859124 -0.23216399 0.11757804 -0.00205018 -0.02221480 0.99281303
1311875818.26941609 -0.01668936 -0.04227196 -0.25134287 0.19170761 -0.01869851 -0.00810242 0.98124049
1311875818.66933608 0.00250089 -0.03144007 -0.24630821 0.15641872 0.01836808 -0.00394360 0.98751215
1311875818.86936808 0.02297035 -0.02346556 -0.24032719 0.12913414 0.05614636 -0.00662905 0.99001415
1311875818.86936808 0.02297035 -0.02346556 -0.24032719 0.12913414 0.05614636 -0.00662905 0.99001415
1311875819.16930389 0.05366130 -0.03598321 -0.21671112 0.09760873 0.10473113 -0.02313684 0.98942843
1311875819.56925106 0.07831246 -0.03720178 -0.20104539 0.04712003 0.14142417 -0.01771691 0.98866831
1311875819.90143704 0.10604031 -0.02632342 -0.19561000 -0.01754260 0.15877701 0.00061522 0.98715842
1311875820.43741202 0.14246553 -0.00882500 -0.22739673 -0.08165119 0.16459592 -0.00465616 0.98296469
1311875821.66938996 0.24255578 -0.01108145 -0.27769282 -0.01662518 0.15988894 -0.03701042 0.98630085
1311875821.96954489 0.25454167 -0.02394709 -0.28274146 0.03922853 0.12499050 -0.04468155 0.99037470
1311875822.26924610 0.27466484 -0.04104337 -0.30337845 0.10193947 0.12879668 -0.03980930 0.98561401
1311875822.53744793 0.32950192 -0.03921896 -0.33422456 0.14429762 0.13922264 -0.01617954 0.97955780
1311875822.80144191 0.36686432 -0.04052564 -0.35677608 0.13964302 0.22515046 -0.02735777 0.96387688
1311875823.20527291 0.40120182 -0.05674786 -0.39119441 0.16564246 0.25124223 -0.07058539 0.95102977
1311875823.76922107 0.43522627 -0.05241575 -0.44677938 0.21364160 0.27103887 -0.07876536 0.93524928
1311875824.23721790 0.47799877 -0.04947800 -0.47893795 0.17967951 0.31135363 -0.05153495 0.93172868
1311875824.46929908 0.51191824 -0.04850542 -0.48829504 0.12639862 0.33765002 -0.03859304 0.93194766
1311875824.76938391 0.54155116 -0.04061616 -0.48439919 0.07771241 0.36266051 -0.03516746 0.92800937
1311875825.16934609 0.58964887 -0.02256365 -0.48391898 0.03600570 0.39535988 -0.02045627 0.91759233
1311875825.63712597 0.64240967 -0.00574303 -0.47370332 -0.01196721 0.40690010 0.02668541 0.91300437
1311875825.63712597 0.64240967 -0.00574303 -0.47370332 -0.01196721 0.40690010 0.02668541 0.91300437
1311875827.03745294 0.78323566 -0.00902398 -0.50921970 0.06868743 0.37891768 0.00598023 0.92285842
1311875827.23742390 0.81090471 -0.01799740 -0.51146273 0.10582498 0.40662069 -0.03284104 0.90685289
1311875827.56932306 0.86673501 -0.02267731 -0.52463547 0.12402019 0.44258035 -0.05579817 0.88635670
1311875827.73729992 0.88430522 -0.02164620 -0.51327339 0.08189020 0.49448794 -0.06027172 0.86321665
1311875827.93721604 0.91092466 -0.00883204 -0.49221029 0.04338791 0.55241905 -0.06774672 0.82967527
1311875828.26927590 0.96006093 -0.01081689 -0.49074814 0.03333957 0.60423815 -0.05525195 0.79418635
1311875828.86915398 1.03823910 -0.00471617 -0.48737036 0.03733174 0.65639061 -0.03803251 0.75253653
1311875829.23728490 1.07707924 0.00810937 -0.48235796 0.00603536 0.68865969 -0.00830164 0.72501206
1311875829.60562801 1.12434756 0.01690344 -0.47221548 -0.01896722 0.72918447 0.00682898 0.68402019
1311875830.30523205 1.19217660 0.03761235 -0.43409925 -0.05584530 0.76031792 0.05004006 0.64520846
1311875832.23715305 1.42420958 0.01044607 -0.49066130 -0.05399340 0.78997293 0.04536365 0.60907275
1311875833.00510311 1.51231675 0.00169815 -0.52085175 -0.07045650 0.74783062 0.06860112 0.65656617
1311875833.50514698 1.55945683 -0.01426711 -0.57526315 -0.07686525 0.69533865 0.04593590 0.71308190
1311875833.93722200 1.61406765 -0.02059730 -0.59728593 -0.06409531 0.64129439 0.04396020 0.76334841
1311875834.43703294 1.68933938 -0.01618793 -0.62278229 -0.12036784 0.67003108 0.04600500 0.73106325
1311875835.77305198 1.82565978 -0.01248938 -0.69194626 -0.11523637 0.59538889 0.05786700 0.79302211
1311875835.77305198 1.82375518 -0.01288410 -0.69134853 -0.11547458 0.59565478 0.05800087 0.79277797
1311875836.70511508 1.90989158 -0.01262223 -0.73938084 -0.12020657 0.50464580 0.02160301 0.85464397
1311875837.97308803 1.97282456 -0.01385607 -0.85919152 -0.14145793 0.37778837 0.03832871 0.91421907
1311875839.53718209 2.08968013 -0.02505955 -1.00723494 -0.14968418 0.17706199 0.01688983 0.97260394
1311875841.34129500 2.23630410 -0.02585743 -1.13747405 -0.11467705 -0.01838314 -0.00394656 0.99322488
1311875841.97302604 2.30598039 -0.01288659 -1.18470095 -0.15557014 -0.07589874 -0.00771996 0.98487447
1311875842.34094405 2.33936007 -0.00632727 -1.20173262 -0.19698905 -0.02924619 -0.01247252 0.97989000
1311875842.94098401 2.41399171 0.01161668 -1.21300902 -0.19185246 0.05213581 -0.00681283 0.98001432
1311875843.20525503 2.44449973 0.01060489 -1.21471804 -0.16947292 0.10716896 -0.01666138 0.97954895
1311875843.47307491 2.46469962 0.00201181 -1.22878823 -0.14381201 0.16605029 -0.02647602 0.97521507
1311875843.74091697 2.48229035 -0.00156015 -1.25031288 -0.12799661 0.21607742 -0.02162985 0.96770841
1311875844.14098001 2.50233766 -0.00274840 -1.28346306 -0.12303159 0.27868992 -0.01355556 0.95237146
1311875844.50499010 2.52655207 0.00065144 -1.32587762 -0.13248228 0.31608979 0.01100222 0.93936928
1311875844.87289596 2.54848885 0.01462160 -1.36220983 -0.16039967 0.33513763 0.03667064 0.92769067
1311875845.17284703 2.55581504 0.03019230 -1.39943457 -0.20059766 0.36639476 0.06884523 0.90596677
1311875845.34113002 2.57589502 0.03797698 -1.40231919 -0.22962172 0.40060619 0.07265325 0.88403057
1311875845.80493903 2.64270342 0.04883708 -1.43674260 -0.22560627 0.48952399 0.05709173 0.84036219
1311875845.80493903 2.64050664 0.04837104 -1.43609899 -0.22575947 0.48895286 0.05723248 0.84064392
1311875846.20497608 2.69377941 0.04298785 -1.46020443 -0.18470332 0.54079444 0.04963281 0.81912309
1311875846.70490289 2.73647798 0.02735004 -1.50632225 -0.13098775 0.57531230 0.03254242 0.80672111
1311875847.14186907 2.77354365 0.01278116 -1.57533226 -0.10762445 0.59935102 -0.00029410 0.79321829
1311875847.47361803 2.80277046 0.01713132 -1.63298743 -0.11311056 0.64254759 0.03168057 0.75718884
1311875847.77280211 2.83563818 0.02921773 -1.68294988 -0.12818501 0.67354102 0.06495036 0.72504658
1311875848.34169102 2.89772194 0.05490431 -1.74647651 -0.15614737 0.68432261 0.11009371 0.70370444
1311875848.84102392 2.93362388 0.07261693 -1.79007164 -0.17650612 0.69788101 0.16086298 0.67522647
1311875849.54098105 2.96495528 0.08003949 -1.87879402 -0.20092680 0.72703997 0.15108442 0.63891690
1311875849.84411097 2.97427660 0.06729867 -1.91370079 -0.18955675 0.75285084 0.10473435 0.62154209
1311875850.10929608 2.96843181 0.05789218 -1.94126129 -0.15687679 0.77645858 0.07080695 0.60620799
1311875850.47390008 2.96580615 0.04663265 -1.98841466 -0.12551210 0.81334355 0.05593449 0.56532320
1311875850.87394309 2.97586873 0.04377537 -2.05841224 -0.13356332 0.85229902 0.06721260 0.50122818
1311875851.21279311 2.98080255 0.04940982 -2.09701463 -0.13730366 0.87490978 0.08900007 0.45580651
1311875851.47461104 2.98482491 0.06093410 -2.12519082 -0.15666349 0.87928651 0.14249067 0.42662418
1311875851.75103092 2.96872449 0.06520399 -2.15086961 -0.17476708 0.87482703 0.20252953 0.40387613
1311875852.04554701 2.96743602 0.07702057 -2.20418483 -0.18594324 0.87160439 0.25182927 0.37724385
1311875852.04554701 2.96743602 0.07702057 -2.20418483 -0.18594324 0.87160439 0.25182927 0.37724385
1311875852.37272000 2.93673309 0.07652525 -2.26895682 -0.17913372 0.89690497 0.25064167 0.31725596
1311875852.61112094 2.90728852 0.07546455 -2.30401764 -0.15138570 0.92205779 0.24474290 0.25882951
1311875852.87288404 2.87975127 0.07861132 -2.33336940 -0.12363420 0.94123628 0.24234312 0.20014661
1311875853.31107593 2.86955428 0.06835566 -2.39182469 -0.10498931 0.96057744 0.21038791 0.14834136
1311875853.71284199 2.87032366 0.06395550 -2.44598882 -0.10044446 0.97059300 0.16901228 0.13890640
1311875854.24079108 2.86766447 0.06144049 -2.51118629 -0.08472510 0.97741012 0.13258032 0.14111550
1311875854.54061604 2.86437792 0.04561850 -2.55508235 -0.07075514 0.98130991 0.08725091 0.15624290
1311875854.84063101 2.85077108 0.03323952 -2.59866548 -0.06393311 0.97914397 0.05424742 0.18505907
1311875855.14080906 2.84352024 0.01321002 -2.63114603 -0.04774205 0.97829389 0.01565690 0.20103886
1311875855.47280002 2.83539067 -0.00475076 -2.66710258 -0.02348364 0.97495321 -0.02735488 0.21946861
1311875856.14065599 2.81267166 -0.02154806 -2.75364154 -0.00548853 0.97272117 -0.09616785 0.21103350
1311875857.17259908 2.73914638 -0.03699593 -2.85952867 0.02845598 0.95547117 -0.16557453 0.24259057
1311875859.10856295 2.59063899 -0.03897383 -3.12018894 0.01867773 0.95552863 -0.08787660 0.28088055
1311875859.60865998 2.53079996 -0.01739465 -3.17939858 -0.00653804 0.95715460 -0.02239084 0.28863641
1311875860.00870204 2.50140357 -0.01270478 -3.22267617 -0.01844034 0.95421448 0.03774013 0.29615936
1311875860.37652111 2.46636001 0.00784775 -3.27856469 -0.03138325 0.94495850 0.08055830 0.31556122
1311875860.37652111 2.46636001 0.00784775 -3.27856469 -0.03138325 0.94495850 0.08055830 0.31556122
1311875860.64072609 2.43952318 0.02317888 -3.32082935 -0.05263748 0.93169726 0.11609265 0.34013529
1311875861.04064798 2.40074772 0.04246815 -3.36976718 -0.05359024 0.92855301 0.16617449 0.32757201
1311875861.37664700 2.35603565 0.04078102 -3.41148623 -0.08648408 0.92053576 0.19714369 0.32598892
1311875861.77666211 2.30570906 0.03025167 -3.45755373 -0.11163088 0.91828584 0.22605887 0.30526554
1311875862.30868292 2.24611065 0.02099826 -3.52350568 -0.10600617 0.94039621 0.21466347 0.24153107
1311875862.67664099 2.22186071 0.01877699 -3.58496238 -0.09153631 0.95384369 0.16940716 0.23044420
1311875863.07647491 2.19188623 0.00094271 -3.64630835 -0.06472288 0.95874291 0.11492475 0.25182389
1311875863.44095206 2.15557486 -0.02180360 -3.69628644 -0.05751027 0.96036573 0.04665840 0.26872518
1311875863.77667308 2.12117911 -0.03968531 -3.74233645 -0.07208237 0.95601594 -0.01068737 0.28411871
1311875864.24063492 2.07911523 -0.06506398 -3.78148043 -0.05352190 0.94730321 -0.07351371 0.30716082
1311875865.00836611 2.00191918 -0.07910241 -3.88559061 -0.06346087 0.93544256 -0.14476143 0.31617094
1311875865.44044089 1.95909197 -0.08538726 -3.93156077 -0.02052366 0.93486136 -0.19561333 0.29554769
1311875865.74053407 1.92323848 -0.08368602 -3.95129705 0.00374554 0.93458383 -0.22997292 0.27138809
1311875866.54066801 1.83630039 -0.08699574 -4.02731152 0.00882299 0.94851426 -0.16138702 0.27239143
1311875866.84066010 1.81780988 -0.08358045 -4.07069046 -0.00346602 0.95947467 -0.09372755 0.26572821
1311875867.10855508 1.79809685 -0.06964084 -4.11448335 -0.03849391 0.96482594 -0.02816175 0.25852666
1311875867.10855508 1.79809685 -0.06964084 -4.11448335 -0.03849391 0.96482594 -0.02816175 0.25852666
1311875867.44065404 1.77795565 -0.05535656 -4.15971060 -0.07373467 0.96971133 0.05784687 0.22555903
1311875867.74064207 1.76419298 -0.03548854 -4.20287484 -0.08530712 0.97097838 0.12246421 0.18688555
1311875867.97651005 1.73912479 -0.03050442 -4.22779884 -0.09432272 0.96880397 0.17998811 0.14186746
1311875868.74435091 1.67305934 -0.03312219 -4.29074910 -0.09717892 0.94149886 0.26591688 0.18282330
1311875869.24446702 1.62599531 -0.01714863 -4.33733638 -0.08502183 0.91811106 0.35095145 0.16332928
1311875869.94445896 1.55970039 -0.01899674 -4.47611934 -0.09785770 0.92895298 0.33763030 0.11608623
1311875870.47639394 1.52532145 -0.04409142 -4.57288241 -0.07688922 0.95160934 0.27643314 0.11005650
1311875871.07637596 1.49019776 -0.07626125 -4.63791655 -0.07050429 0.97815429 0.12396613 0.15124724
1311875871.57673502 1.44676425 -0.09921543 -4.68597993 -0.05913217 0.98290682 -0.00204582 0.17433697
1311875872.50834703 1.38444512 -0.12502984 -4.77629079 -0.01274781 0.97437179 -0.10808385 0.19686284
1311875873.47644091 1.27268593 -0.14747656 -4.81088132 -0.00439016 0.96537743 -0.17391201 0.19437528
1311875873.94432497 1.21408730 -0.15023951 -4.83727404 -0.01546802 0.97404283 -0.18053772 0.13567403
1311875874.64446402 1.12507582 -0.16048840 -4.89484499 -0.02094931 0.96358715 -0.24453251 0.10613569
1311875875.10845304 1.06591618 -0.16078613 -4.91187564 -0.01936719 0.97748918 -0.19966682 0.06536797
1311875875.57623911 1.00723093 -0.16175907 -4.95236104 -0.03371734 0.98750017 -0.15118732 0.02913682
1311875876.34442091 0.94372544 -0.15912955 -4.97748511 -0.03042200 0.99409100 -0.09906712 -0.03230015
1311875876.34442091 0.94372544 -0.15912955 -4.97748511 -0.03042200 0.99409100 -0.09906712 -0.03230015
1311875877.04453111 0.87100677 -0.15671164 -5.01125008 -0.05301243 0.99271247 -0.06619741 -0.08561275
1311875877.44426608 0.84960632 -0.15098596 -5.02627427 -0.03378583 0.98985661 -0.04153608 -0.13159469
1311875877.84431601 0.80902677 -0.14076317 -5.01905897 -0.02010844 0.98339461 -0.01991470 -0.17925984
1311875878.17619610 0.79309998 -0.14730367 -5.00633747 -0.02424064 0.97358739 -0.00274812 -0.22700756
1311875878.54426408 0.78020981 -0.16027345 -4.99204954 -0.03484429 0.96156040 -0.03463289 -0.27016297
1311875879.01225901 0.76904494 -0.16551453 -4.96815654 -0.05194650 0.94862048 -0.08440135 -0.30049486
1311875879.87661505 0.72875732 -0.18373714 -4.94099614 -0.05390399 0.91602305 -0.06369403 -0.39235086
1311875880.17723203 0.73237902 -0.20408659 -4.92565752 -0.04486528 0.88810181 -0.03181424 -0.45634431
1311875880.51227403 0.73674229 -0.22417086 -4.90786305 -0.02140351 0.86053220 0.00756394 -0.50888997
1311875880.84418297 0.73141239 -0.23869742 -4.90313738 0.00743427 0.83910333 0.05216593 -0.54141394
1311875881.34410405 0.73145121 -0.25922004 -4.89211162 0.03465071 0.82102155 0.11285902 -0.55855688
1311875881.64425492 0.72740850 -0.27142574 -4.88711289 0.06907057 0.80234637 0.15902771 -0.57112148
1311875882.51274991 0.72291867 -0.31137063 -4.84855415 0.09767465 0.81161664 0.21642860 -0.53375720
1311875883.24525499 0.70813505 -0.33592873 -4.81337142 0.10204662 0.83511606 0.26985421 -0.46834427
1311875884.07768512 0.70373921 -0.34425092 -4.78183808 0.12743039 0.84644714 0.31346836 -0.41112811
1311875884.71287894 0.67189684 -0.33475432 -4.75084902 0.13234657 0.85428584 0.24726589 -0.43765245
1311875884.71287894 0.67189684 -0.33475432 -4.75084902 0.13234657 0.85428584 0.24726589 -0.43765245
1311875884.94732308 0.66392543 -0.32576488 -4.72688273 0.13512609 0.82723198 0.23167464 -0.49371556
1311875885.14847898 0.64605989 -0.31633570 -4.70991019 0.14933608 0.79269611 0.23534336 -0.54216705
1311875885.34790301 0.63023883 -0.30154678 -4.69161072 0.18684984 0.75295336 0.24734444 -0.58049040
1311875885.68040395 0.60242182 -0.27717763 -4.67082788 0.23461230 0.71189100 0.26039355 -0.60857495
1311875885.94810796 0.59108503 -0.25908592 -4.65097000 0.26750402 0.68059881 0.26412542 -0.62885978
1311875886.17848110 0.59440098 -0.23928021 -4.63411853 -0.30036306 -0.63692586 -0.25457496 0.66279641
1311875886.37803102 0.59504356 -0.23014614 -4.61826671 -0.30654009 -0.57925299 -0.25150210 0.71221194
1311875886.57839799 0.61202343 -0.22685252 -4.60427377 -0.26494162 -0.55998659 -0.21050258 0.75624706
1311875886.81302309 0.63114698 -0.22820545 -4.58737243 -0.22905021 -0.54572840 -0.17735303 0.78629665
1311875887.04543400 0.64901244 -0.23827453 -4.57311030 -0.17041424 -0.53932468 -0.15003890 0.81091073
1311875887.44478106 0.67401287 -0.24684813 -4.54435924 -0.10544663 -0.54678445 -0.11175463 0.82305448
1311875888.11524701 0.71476825 -0.25176656 -4.51623108 -0.01912538 -0.56718234 -0.06925785 0.82045217
1311875888.44415593 0.74790147 -0.24492137 -4.48032879 0.03433954 -0.55230633 -0.02899978 0.83242869
1311875888.68265891 0.76393257 -0.22916828 -4.45502030 -0.00071326 -0.50691417 -0.04645166 0.86074372
1311875888.94414306 0.75522233 -0.21075658 -4.41962342 -0.06279619 -0.48848245 -0.07485951 0.86708569
1311875889.24400210 0.74899727 -0.18562657 -4.37683472 -0.13370044 -0.50999014 -0.08685761 0.84527511
1311875889.24400210 0.74899727 -0.18562657 -4.37683472 -0.13370044 -0.50999014 -0.08685761 0.84527511
1311875889.61212897 0.74471241 -0.16390288 -4.33718617 -0.19731065 -0.48963636 -0.10025270 0.84337070
1311875889.84417200 0.74620452 -0.14219444 -4.30649801 -0.25361437 -0.46550984 -0.11516552 0.84006978
1311875890.08879995 0.74170017 -0.13111918 -4.26920745 -0.31494630 -0.45312898 -0.13012203 0.82374220
1311875890.58004403 0.72690479 -0.13729335 -4.16395176 -0.27241475 -0.46149429 -0.13801800 0.83292512
1311875890.84403110 0.73850441 -0.14099132 -4.12765351 -0.20553791 -0.46165145 -0.11981445 0.85456223
1311875891.21191597 0.72862884 -0.14246529 -4.06159526 -0.14640870 -0.46149894 -0.09923675 0.86933037
1311875891.58006501 0.71257541 -0.14503612 -3.99318749 -0.06621692 -0.48328974 -0.07430909 0.86978417
1311875892.01205802 0.70670954 -0.14858617 -3.92021094 -0.01235794 -0.52165163 -0.01512902 0.85293492
1311875892.24426007 0.71428189 -0.14773957 -3.87179429 0.02896148 -0.55819113 0.01694103 0.82903371
1311875892.58009005 0.73590383 -0.15611097 -3.81041699 0.06240083 -0.60762138 0.01461812 0.79163672
1311875893.08005500 0.76970054 -0.13783446 -3.71728556 0.00408108 -0.58593776 -0.01318535 0.81023850
1311875893.34393907 0.76076155 -0.12122291 -3.66391465 -0.08686928 -0.56673523 -0.04107254 0.81827743
1311875893.78004003 0.74822890 -0.09593770 -3.58330892 -0.16305534 -0.56734607 -0.09547806 0.80150816
1311875894.08006310 0.75109850 -0.07892677 -3.52619546 -0.21368470 -0.55421166 -0.12295359 0.79502874
1311875894.71204996 0.78149405 -0.06943707 -3.42107507 -0.24848659 -0.58057105 -0.17351680 0.75570072
1311875895.31185603 0.78435805 -0.07257370 -3.31058545 -0.19052796 -0.62175974 -0.13016269 0.74844612
1311875895.31185603 0.78435805 -0.07257370 -3.31058545 -0.19052796 -0.62175974 -0.13016269 0.74844612
1311875895.74407411 0.77539740 -0.08552875 -3.22930993 -0.11575405 -0.66369087 -0.10330867 0.73173954
1311875896.44800091 0.79211589 -0.09551805 -3.12737172 0.07795005 0.74221367 0.09757072 -0.65842434
1311875897.41203690 0.76241929 -0.08914393 -3.00445248 0.05374393 0.82607660 0.12393183 -0.54712881
1311875898.01197910 0.74512976 -0.08482123 -2.94067438 0.04557551 0.87601972 0.11114013 -0.46707622
1311875898.77997994 0.74924408 -0.08298951 -2.88042776 0.04795123 0.90265227 0.15300312 -0.39938654
1311875899.31178808 0.72711261 -0.07899397 -2.84464499 0.06529593 0.87244265 0.16277199 -0.45616394
1311875899.91178012 0.69878056 -0.08025729 -2.81933224 0.07344580 0.84136935 0.14907277 -0.51427681
1311875900.37972689 0.68565302 -0.08511612 -2.80368033 0.06538089 0.80672048 0.13237191 -0.57219322
1311875900.81192994 0.68037520 -0.08673629 -2.78116870 0.06109353 0.77065671 0.12454320 -0.62196850
1311875901.34781599 0.67425662 -0.08871778 -2.76205652 0.05045531 0.73158799 0.10965305 -0.67097652
1311875901.97974300 0.66851210 -0.07440720 -2.73960565 -0.09638605 -0.67215720 -0.12150678 0.72398241
1311875902.44786191 0.66983997 -0.06709357 -2.71025794 -0.14040353 -0.62808842 -0.13638906 0.75312005
1311875903.01182508 0.66776370 -0.07391221 -2.64106027 -0.13058334 -0.58748177 -0.12170055 0.78930485
1311875903.44791889 0.66602103 -0.07560712 -2.58810245 -0.10719779 -0.55321323 -0.09543073 0.82058317
1311875904.94783998 0.49916531 -0.07676824 -2.39110010 -0.05905768 -0.54089509 -0.04502593 0.83780508
1311875906.27970505 0.35602490 -0.08884890 -2.20158235 -0.00107308 -0.54794410 0.00499676 0.83649934
1311875906.27970505 0.35602490 -0.08884890 -2.20158235 -0.00107308 -0.54794410 0.00499676 0.83649934
1311875913.11573505 -0.48079272 -0.17469754 -1.34962762 -0.01806823 0.82423313 0.02948614 -0.56519364
1311875913.67992711 -0.53558079 -0.17393025 -1.26567588 -0.04881134 0.80520189 -0.03637998 -0.58986767
1311875914.51553392 -0.59284720 -0.17821088 -1.15735365 -0.06359870 0.83951750 -0.08518431 -0.53283131
1311875915.34755898 -0.74502700 -0.17106224 -1.08385541 0.01578356 0.85090358 0.01445880 -0.52488562
1311875915.71588111 -0.79344093 -0.14774734 -1.01695275 0.06234203 0.82507488 0.07004212 -0.55718849
1311875915.98357606 -0.82656811 -0.13087580 -0.97559718 0.09519621 0.78855492 0.16658345 -0.58426772
1311875916.28361201 -0.87112457 -0.12045235 -0.94006027 0.13429544 0.76824514 0.18643657 -0.59749940
1311875917.58371592 -1.05976567 -0.13491333 -0.76711946 -0.10187867 -0.68128874 -0.14307971 0.71062971
1311875918.21635509 -1.14897428 -0.17201381 -0.71351428 0.01334118 0.70972079 0.05683172 -0.70206024
1311875918.64747310 -1.19651911 -0.20067960 -0.68997077 -0.03335878 0.73141697 0.00339353 -0.68110564
1311875919.01551294 -1.25935273 -0.20805163 -0.65218448 -0.08218729 0.73006415 -0.04732111 -0.67676605
1311875919.51573205 -1.34250592 -0.19835749 -0.62206421 0.08735098 -0.68120962 0.03778858 0.72587552
1311875919.84845996 -1.39504206 -0.20107238 -0.59997887 0.05281818 -0.64271465 0.01382962 0.76415761
1311875920.24843097 -1.44413008 -0.19787907 -0.54547395 0.02900625 -0.59179751 0.01133600 0.80548485
1311875920.51796007 -1.47475196 -0.20306651 -0.51117944 0.03022488 -0.56783860 0.01198345 0.82249752
1311875920.94839501 -1.51608661 -0.20659414 -0.46997406 -0.00854480 -0.53192437 -0.02272683 0.84644370
1311875920.94839501 -1.51608661 -0.20659414 -0.46997406 -0.00854480 -0.53192437 -0.02272683 0.84644370
1311875921.42028403 -1.60120992 -0.20458802 -0.42504854 -0.06885393 -0.47901419 -0.04344872 0.87402331
1311875922.44819808 -1.65116725 -0.21613252 -0.37529835 -0.01664645 -0.54773396 0.00575827 0.83646712
1311875922.78432012 -1.62668000 -0.22721262 -0.36827321 0.06932398 -0.55451706 0.04641800 0.82797970
1311875923.71725988 -1.58341863 -0.23597643 -0.36496717 0.12686983 -0.55377318 0.08150177 0.81889973
