1341839327.39269209 0.00000000 0.00000000 0.00000000 0.00000000 0.00000000 0.00000000 1.00000000
1341839333.15663290 -0.46234319 -0.02292773 0.06597151 0.01240972 0.06941695 -0.00555321 0.99749509
1341839336.53364301 -0.82210871 -0.08504529 0.15861421 0.02837932 0.28886344 0.14805807 0.94542653
1341839338.20983601 -0.95836392 -0.11621766 0.23685764 0.02243117 0.41681931 0.22400355 0.88067072
1341839338.94967604 -0.98704752 -0.15324271 0.31165488 0.01967047 0.51000001 0.28520636 0.81127701
1341839340.02186394 -0.99602427 -0.19790044 0.40398811 0.03146921 0.56255690 0.31589767 0.76337939
1341839340.58957911 -0.98977600 -0.21954359 0.46678768 0.06049613 0.56657221 0.27681592 0.77376294
1341839341.32565308 -0.98935557 -0.24336980 0.54719153 0.10655947 0.56362559 0.24751591 0.78083747
1341839341.76167989 -0.97481811 -0.25681381 0.57756381 0.14265173 0.55010226 0.22244705 0.79218388
1341839342.29789996 -0.93540170 -0.27901473 0.62781861 0.14407528 0.50893763 0.19168557 0.82672936
1341839343.37379289 -0.88694756 -0.30746475 0.69421261 0.13247799 0.41275883 0.12671369 0.89220142
1341839346.56463695 -0.98064453 -0.34915144 0.79073352 0.12682195 0.16739216 0.03182772 0.97718118
1341839347.26466608 -1.02732751 -0.35251792 0.79496087 0.10800991 0.08881450 -0.00802309 0.99014215
1341839347.53288007 -1.05375033 -0.35625655 0.80980320 0.10466922 0.07043573 -0.01113738 0.99194714
1341839351.54979706 -1.31133006 -0.33363444 0.80581058 0.08342421 0.15918382 0.05850500 0.98197662
1341839353.33554792 -1.44408110 -0.37717091 0.89120138 0.06140214 0.28556924 0.13466111 0.94686133
1341839355.50568795 -1.64659963 -0.45248129 1.03919193 0.06540275 0.45454259 0.23821239 0.85578524
1341839355.50568795 -1.64659963 -0.45248129 1.03919193 0.06540275 0.45454259 0.23821239 0.85578524
1341839359.45781302 -1.75904144 -0.70132703 1.45786415 0.03914880 0.60952377 0.31881671 0.72477862
1341839360.33716106 -1.77840047 -0.77613520 1.57725164 0.04533477 0.61585830 0.32233130 0.71747184
1341839361.23389196 -1.86847695 -0.88759278 1.69884386 0.06645706 0.62541268 0.30924097 0.71331091
