1311874903.32279611 0.00000000 0.00000000 0.00000000 0.00000000 0.00000000 0.00000000 1.00000000
1311874904.92277503 -0.00996916 0.01556442 0.14098774 -0.01936378 -0.13266810 0.00477141 0.99095986
1311874906.45466995 -0.12824939 0.02034665 0.24902171 -0.00837696 -0.26872061 0.01988597 0.96297643
1311874906.65465093 -0.14891204 0.01155906 0.25738804 0.03062268 -0.30611704 0.03024532 0.95102042
1311874906.85473990 -0.15832703 0.00257925 0.26188375 0.08521917 -0.33840069 0.04348483 0.93612592
1311874907.09075189 -0.15684329 -0.00428364 0.25730739 0.13477275 -0.35102814 0.06275903 0.92448734
1311874907.32263589 -0.17199750 -0.00855334 0.25038436 0.16741719 -0.35191834 0.07368110 0.91798478
1311874907.69054604 -0.20387799 -0.00867460 0.22966327 0.20272453 -0.37369935 0.11360350 0.89796760
1311874908.19069409 -0.23198278 -0.00396822 0.20578123 0.19304641 -0.47647897 0.14815994 0.84483697
1311874908.82259011 -0.26761752 0.00776988 0.21174751 0.12189473 -0.59932974 0.11959003 0.78207657
1311874909.02263594 -0.28132541 0.01931086 0.21910181 0.08354942 -0.62066051 0.09404901 0.77392171
1311874909.29065490 -0.30956590 0.02971583 0.21829961 0.02505114 -0.63128660 0.05715406 0.77303498
1311874909.72265005 -0.34252428 0.03570553 0.21240453 -0.02081336 -0.62219945 0.00322119 0.78257541
1311874910.09056306 -0.35983911 0.04664858 0.20990364 -0.08114347 -0.61176836 -0.04920852 0.78532397
1311874910.42265296 -0.37378214 0.05961934 0.20719225 -0.12736822 -0.63223874 -0.08598894 0.75937963
1311874910.89061904 -0.40550580 0.06587103 0.22643442 -0.15513940 -0.68209571 -0.11851264 0.70472119
1311874911.25470710 -0.42834138 0.06928283 0.22084297 0.14191158 0.72795483 0.13388174 -0.65728118
1311874911.25470710 -0.42898305 0.06899168 0.22059102 0.14216199 0.72722307 0.13370563 -0.65807247
1311874912.05468392 -0.45677588 0.04058930 0.18563991 0.08282929 0.73378428 0.06919844 -0.67075444
1311874912.52247190 -0.46054935 0.01782519 0.17127508 0.04250924 0.76132555 0.00759371 -0.64693022
1311874912.85463595 -0.45058954 0.00532362 0.17242099 0.00406278 0.77743081 -0.03553102 -0.62795094
1311874913.19047904 -0.44872295 -0.00831538 0.17451150 -0.01706477 0.78365543 -0.09598880 -0.61349744
1311874913.59053493 -0.45137158 -0.02362291 0.17785645 -0.07091870 0.78135141 -0.16032398 -0.59896305
1311874913.85460305 -0.44620118 -0.03259511 0.17387973 -0.10047652 0.78249619 -0.21910512 -0.57410550
1311874914.62258911 -0.45183310 -0.01823284 0.15313615 -0.05872932 0.82139137 -0.18520830 -0.53625084
1311874915.35467601 -0.53178681 0.00735311 0.14073511 -0.01590618 0.84715063 -0.12447268 -0.51632291
1311874915.75459409 -0.55161586 0.02199962 0.13803330 0.00599017 0.87150137 -0.07318857 -0.48486381
1311874916.22256994 -0.57024846 0.04347948 0.11164440 0.05215865 0.89326765 0.01090509 -0.44635575
1311874920.85843801 -0.55623458 0.01261367 -0.06993146 0.03886683 0.99246613 -0.02272378 -0.11394730
1311874921.35843492 -0.54677983 0.00222691 -0.06100473 0.01665112 0.98984998 -0.08878198 -0.10971558
1311874921.59059501 -0.54939462 -0.00356638 -0.06027052 -0.00632838 0.98057597 -0.15078219 -0.12528149
1311874921.82236409 -0.54813658 -0.00898441 -0.06499283 -0.01375370 0.96740952 -0.21726392 -0.12932922
1311874922.05837202 -0.55279606 -0.02364865 -0.06192326 -0.03479768 0.95046200 -0.27884410 -0.13287991
1311874922.32251096 -0.56274978 -0.03393205 -0.07696031 -0.05896198 0.92436163 -0.35075448 -0.13802305
1311874922.32251096 -0.56452941 -0.03333703 -0.07612798 -0.05951883 0.92427549 -0.35090628 -0.13797507
1311874922.59039211 -0.56763065 -0.04363381 -0.05644545 -0.10388577 0.87767227 -0.43812882 -0.16414099
1311874922.75834608 -0.57220752 -0.04679114 -0.04462139 -0.12392496 0.85763650 -0.46299250 -0.18638718
1311874922.99039793 -0.57670495 -0.04640913 -0.04108452 -0.16460600 0.83314739 -0.47833015 -0.22354097
1311874923.49029589 -0.58882509 -0.04583910 -0.02639204 -0.20197382 0.79724788 -0.48381668 -0.29920531
1311874923.85847998 -0.60489014 -0.04582845 -0.00868208 -0.24908932 0.74773072 -0.47618043 -0.39000703
1311874924.32232690 -0.60959316 -0.04201519 0.00146106 -0.33862068 0.68391510 -0.44670574 -0.46695841
1311874925.05824804 -0.62538588 -0.03718271 0.01115627 -0.38958749 0.64226059 -0.35055168 -0.55931785
1311874925.49023104 -0.63796911 -0.03370291 0.01439545 -0.34871872 0.66924844 -0.28198992 -0.59243858
1311874925.72639489 -0.64361075 -0.02708743 0.01029223 -0.30135954 0.70944554 -0.24316007 -0.58884857
1311874925.92629099 -0.65370983 -0.01759856 0.00558442 -0.25776439 0.73833074 -0.20743771 -0.58770302
1311874926.12646294 -0.66167319 -0.00291563 0.00255052 -0.21914963 0.76290365 -0.16415410 -0.58566619
1311874926.35821509 -0.67066845 0.00746428 0.00212170 -0.17365478 0.78914397 -0.11621985 -0.57757143
1311874926.62658191 -0.66355651 0.02442014 -0.01180073 -0.11220429 0.81631031 -0.05193332 -0.56422567
1311874926.92626309 -0.66520313 0.03565837 -0.01302007 -0.06437406 0.84809913 -0.00267577 -0.52590559
1311874929.29481411 -0.55612702 0.06100487 -0.11601425 -0.00909923 0.98732426 0.11303588 -0.11104455
1311874930.02636290 -0.54164710 0.05937311 -0.12834845 -0.00762773 0.99376956 0.11101297 0.00632502
1311874930.02636290 -0.54377611 0.06007258 -0.12738885 -0.00807134 0.99377117 0.11097373 0.00620910
1311874931.72705793 -0.49965016 0.02930745 -0.19345440 0.05172831 0.99454043 0.00487202 0.09049742
1311874932.15878797 -0.51750324 0.00479890 -0.20747794 0.05138522 0.98999591 -0.06922428 0.11169446
1311874932.42751789 -0.53207897 -0.00991140 -0.21591967 0.04974386 0.98116464 -0.13619300 0.12764387
1311874932.69019103 -0.53530211 -0.02141230 -0.21265051 0.06706307 0.96639379 -0.21201658 0.12897503
1311874932.99021912 -0.54634130 -0.02142997 -0.19094251 0.06472976 0.94079714 -0.31898438 0.09465598
1311874933.19026089 -0.54929398 -0.03163539 -0.18917325 0.07527257 0.92158010 -0.37160013 0.08329166
1311874933.46264696 -0.55362344 -0.04149301 -0.19136675 0.06006446 0.90395153 -0.41896461 0.06109466
1311874933.76005101 -0.55296911 -0.04453623 -0.19964324 0.04611155 0.88748213 -0.45687933 0.03886485
1311874934.03160000 -0.55104406 -0.05811287 -0.19495801 0.01051928 0.86565289 -0.50036566 0.01298551
1311874934.53206992 -0.56700101 -0.07177567 -0.20360576 -0.04839230 0.85503836 -0.51087675 -0.07464949
1311874934.75814390 -0.57269612 -0.06447654 -0.17808452 -0.07951164 0.87619272 -0.46031659 -0.11862904
1311874935.02618003 -0.56190023 -0.04114747 -0.15934562 -0.07903037 0.90584609 -0.38576832 -0.15614052
1311874935.15832496 -0.55496661 -0.04434963 -0.15719397 -0.07005175 0.92251863 -0.34511924 -0.15793935
1311874935.32623100 -0.55564188 -0.02958286 -0.15854470 -0.05708046 0.94009745 -0.28753207 -0.17402274
1311874935.59638309 -0.57377474 -0.01676211 -0.19679706 -0.01920196 0.96074482 -0.20912619 -0.18129236
1311874935.85819197 -0.58334989 0.00290545 -0.22473949 -0.00520537 0.97485364 -0.14053639 -0.17286646
1311874935.85819197 -0.58285012 0.00397544 -0.22541500 -0.00548296 0.97467716 -0.14115311 -0.17334985
1311874936.15800905 -0.59295842 0.01194997 -0.23850786 0.00827941 0.98673543 -0.09013433 -0.13476070
1311874936.42626405 -0.60142449 0.02101862 -0.24920743 0.01842603 0.99430012 -0.04160785 -0.09641861
1311874936.79414392 -0.60565934 0.03227485 -0.26661057 0.01568767 0.99809670 0.01154084 -0.05851224
1311874938.72605610 -0.61777142 0.02710488 -0.34588815 0.04024345 0.98187770 0.06450903 0.17359502
1311874940.89398098 -0.70847677 0.03108785 -0.44989587 0.04663546 0.95434546 0.07063939 0.28646107
1311874941.25812197 -0.70759019 0.02823894 -0.48002975 0.03833244 0.93362256 0.06167905 0.35082081
1311874941.69405699 -0.70134232 0.02756681 -0.50689696 0.00958273 0.90293840 0.05980883 0.42548011
1311874942.29401398 -0.66542505 0.02400415 -0.51446864 -0.01004744 0.85979976 0.05748788 0.50728549
1311874943.19393110 -0.58900356 -0.00300702 -0.51096038 0.04307666 0.85758202 -0.01010205 0.51244067
1311874943.59424210 -0.57608712 -0.02726224 -0.50852825 0.07136696 0.85831692 -0.09164752 0.49979951
1311874943.82595301 -0.57748710 -0.04323804 -0.50146652 0.10493908 0.84620535 -0.14594066 0.50162298
1311874944.06206012 -0.59085018 -0.04958417 -0.49307680 0.11716455 0.82910253 -0.22326315 0.49901405
1311874944.26199102 -0.59310007 -0.05899479 -0.48301771 0.11930210 0.82263169 -0.28484061 0.47739915
1311874944.59401894 -0.58787783 -0.06103644 -0.47300697 0.14336573 0.81938493 -0.32848137 0.44738639
1311874944.96188998 -0.58222704 -0.06591741 -0.48279996 0.16294545 0.80942721 -0.37460276 0.42184019
1311874945.32587600 -0.58478794 -0.06232947 -0.46732720 0.17279127 0.79375128 -0.43607563 0.38722103
1311874945.32587600 -0.57954979 -0.06334655 -0.46705742 0.17185959 0.79385177 -0.43600053 0.38751412
1311874945.72590899 -0.58611159 -0.06634730 -0.45232364 0.19654172 0.77246693 -0.47970118 0.36681462
1311874946.26187491 -0.59205877 -0.06530038 -0.43860995 0.22103613 0.74917090 -0.53111988 0.32832555
1311874947.02591610 -0.56846763 -0.06259613 -0.44837087 0.17421774 0.80187672 -0.46116164 0.33759716
1311874947.29397607 -0.55267942 -0.05729917 -0.45616164 0.14572716 0.83586445 -0.39624712 0.35083107
1311874947.56190801 -0.54270889 -0.05464207 -0.46974544 0.12159544 0.86716291 -0.33130955 0.35139297
1311874947.76202106 -0.54275709 -0.04824641 -0.47984215 0.10402752 0.88488796 -0.27891331 0.35827215
1311874947.99399400 -0.53309632 -0.04231787 -0.49743532 0.08789418 0.89893714 -0.21821970 0.36954944
1311874948.22581601 -0.51733518 -0.03137516 -0.51592003 0.07164856 0.90435864 -0.14655993 0.39436292
1311874948.39405394 -0.50859012 -0.01983196 -0.53355867 0.04836985 0.90445527 -0.09442792 0.41316388
1311874948.59387708 -0.49373419 -0.00522510 -0.55303555 0.02417359 0.90104627 -0.04930534 0.43023278
1311874948.79380608 -0.48636225 0.00321251 -0.57062351 0.00441688 0.89560296 0.00610096 0.44479052
1311874949.09375811 -0.47117484 0.01899886 -0.59352402 -0.02528897 0.88027653 0.05689438 0.47035809
1311874949.36190009 -0.45833951 0.03083369 -0.60272281 -0.05265575 0.86295693 0.08423864 0.49541555
1311874951.06188202 -0.32001280 0.01106736 -0.57843204 -0.07049074 0.80907499 0.06010032 0.58035909
1311874952.36193109 -0.22057348 -0.00983464 -0.58265278 -0.01432318 0.83037222 0.04230875 0.55541588
1311874952.72584701 -0.20423354 -0.00922056 -0.58213114 0.00224008 0.87484448 0.04872810 0.48194158
1311874952.72584701 -0.20490181 -0.00822561 -0.58335902 0.00200233 0.87480466 0.04943244 0.48194319
1311874952.99373007 -0.20876533 -0.01241901 -0.59021927 0.01834379 0.90975071 0.04295840 0.41251877
1311874953.19381499 -0.21706020 -0.01164114 -0.59635236 0.02100289 0.93641643 0.04871137 0.34685781
1311874953.52970099 -0.23049723 -0.01409207 -0.61525530 0.02673008 0.96582667 0.04634051 0.25360778
1311874954.26169109 -0.24636050 -0.00530573 -0.65385629 0.03744801 0.98889346 0.08967479 0.11245355
1311874955.06170607 -0.18757821 0.00724428 -0.63310688 0.03688040 0.98084159 0.15217991 0.11589169
1311874955.42976999 -0.15230417 0.00575589 -0.62501931 0.02518592 0.97072747 0.14729142 0.18804011
1311874955.72963905 -0.12675456 0.00370337 -0.62120281 0.00884119 0.95167640 0.14184937 0.27223632
1311874955.89366007 -0.11331012 0.00550120 -0.62222614 -0.00457831 0.93588138 0.14545040 0.32085707
1311874956.16172004 -0.09066327 0.00453921 -0.62505765 -0.03136539 0.90420170 0.14260855 0.40137053
1311874956.49379110 -0.07439139 0.01774588 -0.61944837 -0.08792416 0.84910876 0.15269888 0.49796257
1311874956.72970009 -0.06699736 0.02769065 -0.61155120 -0.12842966 0.80843240 0.17214578 0.54800429
1311874956.89376998 -0.06087656 0.03306918 -0.60244694 -0.15468108 0.78375447 0.17623120 0.57510456
1311874957.06173801 -0.05371698 0.03140789 -0.59092850 -0.16656678 0.76249568 0.17141365 0.60122642
1311874957.32962894 -0.03971113 0.01881200 -0.57135233 -0.14960246 0.74560969 0.14292676 0.63344868
1311874957.52964306 -0.02996001 0.00656180 -0.55480879 -0.10244320 0.73916764 0.11246666 0.65611572
1311874957.72973490 -0.02066095 -0.00714637 -0.54285146 -0.05211480 0.73034695 0.08511659 0.67574592
1311874957.72973490 -0.02137531 -0.00747923 -0.54310114 -0.05193214 0.73096725 0.08508696 0.67509269
1311874957.92961097 -0.01379532 -0.02151614 -0.53445912 -0.00582430 0.71936137 0.04709986 0.69301292
1311874958.16162896 -0.01051888 -0.03870661 -0.53174802 0.03942260 0.69692504 0.00962694 0.71599488
1311874958.42980099 -0.00320262 -0.05950549 -0.53504138 0.08548876 0.66622927 -0.01828085 0.74060519
1311874958.59375095 -0.00954465 -0.07707645 -0.54059185 0.12809804 0.63892561 -0.05369549 0.75662524
1311874958.79371309 -0.02418433 -0.09513081 -0.54865649 0.17625741 0.60445084 -0.10402246 0.76990379
1311874958.96163201 -0.03225046 -0.11138864 -0.56327557 0.21998558 0.58339333 -0.18604381 0.75937228
1311874959.12969589 -0.03183093 -0.11380434 -0.56046808 0.26530973 0.56835913 -0.25652965 0.73537146
1311874959.32985806 -0.03573906 -0.12220528 -0.55125558 0.30970668 0.56156978 -0.28905044 0.71075382
1311874959.56180596 -0.03529775 -0.11645431 -0.55846352 0.35771966 0.55599394 -0.33073112 0.67344214
1311874959.79409289 -0.04563548 -0.11792656 -0.54630551 0.38902599 0.55102860 -0.37672039 0.63490787
1311874959.96162605 -0.05499706 -0.12519301 -0.54760173 0.41926256 0.53836964 -0.40377713 0.60937761
1311874960.16173506 -0.05825269 -0.12519357 -0.54985232 0.44969050 0.52386640 -0.43244804 0.57994063
1311874960.32973909 -0.06166230 -0.12452104 -0.54127635 0.46397829 0.51727499 -0.44665417 0.56360517
1311874960.46175098 -0.07286126 -0.12925012 -0.54320204 0.46771985 0.50723500 -0.46579009 0.55406713
1311874960.59370208 -0.06955746 -0.11894107 -0.53899325 0.46710082 0.50400743 -0.49109181 0.53537106
1311874960.76296997 -0.06822152 -0.11318564 -0.53953289 0.46294428 0.50576146 -0.50999484 0.51941621
1311874960.76296997 -0.06591918 -0.10988876 -0.54039835 0.46260463 0.50643001 -0.50872249 0.52031436
1311874961.29357600 -0.05904842 -0.09836990 -0.53368703 0.49152538 0.44020595 -0.46571960 0.58968363
1311874961.56322098 -0.05982856 -0.09562200 -0.53146564 0.52703069 0.37386187 -0.42453250 0.63422244
1311874961.86194801 -0.06187353 -0.08531722 -0.54178671 0.54404017 0.30689015 -0.37720657 0.68377915
1311874962.73071289 -0.03508145 -0.08614013 -0.55627381 0.51060438 0.30474248 -0.37735739 0.70994126
1311874963.02965808 -0.01649617 -0.08718739 -0.55596496 0.45355462 0.39383165 -0.39149326 0.69707809
1311874963.12957001 -0.01101049 -0.09010665 -0.55799899 0.42550808 0.42707464 -0.38855105 0.69683441
1311874963.29754591 0.00422325 -0.09077539 -0.55895053 0.39285265 0.47832250 -0.39758545 0.67734791
1311874963.46163511 0.00744315 -0.08844517 -0.55809138 0.36862503 0.52776051 -0.40529036 0.64909487
1311874963.76171803 0.01305021 -0.09392263 -0.56390005 0.34323820 0.57790848 -0.41975381 0.60993120
1311874964.22943497 0.00631758 -0.08900872 -0.56915662 0.30538867 0.63194795 -0.41388828 0.57972065
1311874964.49748111 0.01599225 -0.08702918 -0.57524176 0.27519364 0.65970773 -0.37616968 0.58953417
1311874964.72952008 0.02118977 -0.08624033 -0.57980186 0.25553307 0.67318477 -0.32770823 0.61166366
1311874965.02947807 0.03004986 -0.08163405 -0.58454867 0.21580833 0.67356939 -0.28468255 0.64706019
1311874965.22946692 0.03585454 -0.07595473 -0.58082284 0.18565367 0.67639980 -0.24210576 0.67037364
1311874965.52950191 0.04311016 -0.07135357 -0.57800565 0.13881580 0.68163994 -0.17917682 0.69569593
1311874965.86971402 0.05584736 -0.06427531 -0.57866181 0.09910166 0.68306237 -0.13372404 0.71114171
1311874965.86971402 0.05356918 -0.06454799 -0.57887921 0.09773003 0.68301226 -0.13378213 0.71136871
1311874966.33266306 0.05165510 -0.05909906 -0.57423425 0.05131957 0.66809696 -0.10033578 0.73548996
1311874966.76330090 0.06062144 -0.04869543 -0.57126035 0.00950451 0.64409198 -0.07862204 0.76083754
1311874967.19930911 0.06201791 -0.04787410 -0.56771700 -0.01086045 0.59725414 -0.05831677 0.79985542
1311874967.53388810 0.05953167 -0.04914602 -0.55988079 -0.02351592 0.53466239 -0.05549217 0.84291385
1311874967.96350288 0.05630557 -0.04714731 -0.54204665 -0.04207902 0.46084987 -0.04737966 0.88521293
1311874969.03180289 0.05040490 -0.04592044 -0.48232504 -0.06675647 0.38483268 -0.03641162 0.91984867
1311874969.66145110 0.06458485 -0.04695673 -0.44720985 -0.08016701 0.26930019 -0.03699102 0.95900069
1311874970.06170797 0.06788307 -0.05068741 -0.42948743 -0.09415938 0.17327049 -0.05176901 0.97899506
1311874970.96158099 0.04966275 -0.05386939 -0.37657680 -0.07717877 0.02722360 -0.06315192 0.99464272
1311874971.29756188 0.04209033 -0.07105568 -0.35828626 -0.01637217 0.01257880 -0.05905314 0.99804131
1311874971.62948108 0.03295853 -0.08491827 -0.36065464 0.05272469 -0.01062893 -0.06830401 0.99621368
1311874971.86692190 0.02988840 -0.09893968 -0.36432040 0.10958629 -0.03448946 -0.05279248 0.99197494
1311874972.06941795 0.02484847 -0.10841890 -0.35617148 0.15358186 -0.04666346 -0.04740870 0.98589429
1311874972.36546993 0.01747404 -0.11924760 -0.36352007 0.25022221 -0.06557568 -0.02777213 0.96556584
1311874972.79757500 0.01822612 -0.13279261 -0.35413258 0.37171837 -0.06066078 -0.03402422 0.92573650
1311874973.09739995 0.00548404 -0.13203392 -0.34733510 0.45299368 -0.06079505 -0.05569642 0.88769285
1311874973.09739995 0.00450821 -0.13262568 -0.34765394 0.45149564 -0.06077155 -0.05654659 0.88840362
1311874973.32945609 0.00575051 -0.13469595 -0.35592639 0.49459922 -0.06291548 -0.06039695 0.86473433
1311874973.62945604 0.00183536 -0.13487764 -0.36438228 0.54358736 -0.04748977 -0.05953558 0.83589056
1311874974.02962208 0.00486702 -0.13360210 -0.37972022 0.59853748 -0.04182632 -0.04901702 0.79849908
1311874974.46536207 0.01749491 -0.12879178 -0.40613860 0.64196064 -0.01609738 -0.08487125 0.76185581
1311874975.02932000 0.01875553 -0.12911815 -0.40123841 0.61532999 0.07340911 -0.17913600 0.76412721
1311874975.42947006 0.02701871 -0.13409808 -0.39719113 0.58915659 0.14535478 -0.23706896 0.75865988
1311874976.59738302 0.01874754 -0.13076117 -0.39376880 0.56389531 0.11551682 -0.19976222 0.79295208
1311874976.99739695 0.02415884 -0.13129510 -0.38736284 0.52290774 0.14672860 -0.23405675 0.80638431
1311874977.36541009 0.03180224 -0.13404449 -0.37822954 0.47783728 0.19001015 -0.23588880 0.82457514
1311874977.66524410 0.03679555 -0.13162261 -0.36562811 0.38741041 0.21104773 -0.21905646 0.87027944
1311874977.76535106 0.04034737 -0.12900874 -0.36041988 0.35319165 0.21608522 -0.19943383 0.88813793
1311874977.96533799 0.04656936 -0.12888803 -0.35571634 0.30563361 0.21956584 -0.18251602 0.90833190
1311874978.16524911 0.04485296 -0.12074671 -0.35311171 0.25820462 0.20508644 -0.16599945 0.92936220
1311874978.42929411 0.04844232 -0.11693307 -0.35107226 0.20266249 0.20446380 -0.13242874 0.94846460
1311874978.66515589 0.05384798 -0.11223245 -0.34923446 0.15572957 0.20049958 -0.10850877 0.96113166
1311874978.92929602 0.05534020 -0.10786894 -0.34570298 0.10336061 0.19142659 -0.09254609 0.97165203
1311874978.92929602 0.05839739 -0.10515319 -0.34676182 0.10296226 0.19174159 -0.09243766 0.97164253
1311874979.29718208 0.07802461 -0.09783146 -0.33511038 0.05422299 0.15414357 -0.07836572 0.98344214
1311874979.59741092 0.09026599 -0.08840755 -0.32182164 0.01155164 0.10885974 -0.06438815 0.99190236
1311874979.92928100 0.09697884 -0.07998623 -0.31098546 -0.02506816 0.06418932 -0.06068349 0.99577549
1311874980.49736094 0.08552834 -0.07397949 -0.28224912 -0.04731351 0.00473943 -0.07029914 0.99639199
1311874981.39727211 0.06158616 -0.06636194 -0.22985157 -0.05259133 -0.09073835 -0.05598735 0.99290791
1311874981.73328805 0.06518757 -0.05863451 -0.20339743 -0.06867958 -0.18015550 -0.06797598 0.97888016
1311874982.03331590 0.06572277 -0.05242093 -0.19135299 -0.09858606 -0.24736346 -0.08246466 0.96036019
1311874982.43324590 0.05578913 -0.04461858 -0.18551897 -0.13119338 -0.32162099 -0.09519052 0.93289174
1311874982.89723897 0.03542922 -0.04971339 -0.17537071 -0.12075847 -0.36825912 -0.09219474 0.91722557
1311874983.36513591 0.01019931 -0.07178609 -0.17796766 -0.05301658 -0.37591779 -0.05486636 0.92350676
1311874983.76526999 0.00327462 -0.08580456 -0.17710339 0.00456025 -0.39482811 -0.03221762 0.91817863
1311874984.09734201 0.00397916 -0.09531258 -0.17648710 0.06162077 -0.40132879 -0.00948725 0.91380965
1311874984.53328609 0.00499396 -0.11268519 -0.16810667 0.12415912 -0.40772386 0.02481170 0.90428433
1311874984.76533389 0.00077793 -0.12097113 -0.17218169 0.18939265 -0.40673305 0.04734199 0.89244461
1311874985.19729495 0.00081696 -0.12655182 -0.18056495 0.25201830 -0.40581273 0.08198721 0.87468903
1311874985.73314404 -0.01226327 -0.13648775 -0.19205549 0.31361876 -0.41060978 0.09766504 0.85059063
1311874985.73314404 -0.01311246 -0.13685738 -0.19236370 0.31363583 -0.40982027 0.09732485 0.85100399
1311874986.19728303 0.00247700 -0.14662238 -0.20447198 0.36749639 -0.39564741 0.13513508 0.83075149
1311874986.66536808 0.01924764 -0.15923739 -0.20749995 0.42723738 -0.37318865 0.14752217 0.81020717
1311874987.99715710 0.01088758 -0.13843365 -0.21024004 0.40329789 -0.48408412 0.20626710 0.74864362
1311874988.83301306 -0.02791440 -0.12534581 -0.23692451 0.37020581 -0.55360514 0.22512452 0.71118770
1311874989.53302193 -0.05566791 -0.10822497 -0.24031711 0.29614254 -0.63505911 0.23270411 0.67442444
1311874989.99704289 -0.07722419 -0.09079645 -0.23769376 -0.23814513 0.67767695 -0.19305338 -0.66840948
1311874990.33296895 -0.09401316 -0.07670353 -0.23341521 -0.18353436 0.69603095 -0.14491422 -0.67886370
1311874990.90115094 -0.10765927 -0.03846069 -0.22910875 -0.12226906 0.70968645 -0.07956189 -0.68924983
1311874991.46511698 -0.11937647 -0.00296591 -0.23459955 0.04545438 -0.70367255 0.01558957 0.70889760
1311874992.03306103 -0.13346543 0.01290452 -0.22429083 -0.00775528 -0.67362059 -0.02308102 0.73867613
1311874992.63295507 -0.14104576 0.02088687 -0.20257304 -0.02586169 -0.61931797 -0.02927649 0.78416791
1311874993.06506705 -0.13373199 0.01758806 -0.17927162 -0.02530176 -0.55149054 -0.02666865 0.83337074
1311874993.60104203 -0.12503331 0.01194611 -0.15901218 -0.02035040 -0.46871246 -0.01896490 0.88291269
1311874994.06499910 -0.11332857 0.00720440 -0.14342637 -0.01888323 -0.40345081 -0.01663632 0.91465518
