1311867170.46229005 0.00000000 0.00000000 0.00000000 0.00000000 0.00000000 0.00000000 1.00000000
1311867172.82630897 -0.09611126 -0.01731768 -0.06387064 -0.01565898 -0.03136211 -0.03685577 0.99870560
1311867175.09471893 -0.20582329 -0.00937790 -0.08146635 -0.03381592 -0.05546640 -0.03866401 0.99713843
1311867178.06344795 -0.36921129 0.03009283 -0.11406496 -0.02925410 -0.07220524 -0.05000551 0.99570580
1311867185.09910893 -0.19990477 -0.01306044 -0.10128799 -0.02113446 -0.07127323 -0.06197438 0.99530530
1311867187.50562596 -0.05403304 -0.03739704 -0.06282061 -0.06434397 -0.06860910 -0.05863736 0.99383817
1311867189.00521588 0.06302984 -0.03253852 -0.10037495 -0.02325173 -0.05528570 -0.04305171 0.99727098
1311867191.29971290 0.24797739 -0.07028571 -0.06824033 -0.03105185 -0.05474905 -0.05276108 0.99662159
1311867200.66820407 0.07110530 -0.04205657 -0.08607970 -0.03858438 -0.04902369 -0.06639648 0.99584107
1311867204.50027704 -0.02679064 -0.08530888 -0.11539672 -0.00780714 -0.05755493 -0.08593688 0.99460612
1311867207.70056200 -0.06586507 -0.23680029 -0.09677177 0.01256750 -0.06354706 -0.06963271 0.99546728
1311867218.97316098 -0.02093458 -0.06091321 -0.13879810 0.00397457 -0.05015701 -0.07605768 0.99583317
1311867222.26968098 -0.00128783 0.04174585 -0.15259732 -0.02710373 -0.04249943 -0.07829150 0.99565538
1311867227.10566211 -0.01959741 0.22886707 -0.16985322 -0.01704245 -0.04622385 -0.05527173 0.99725521
1311867231.87391996 -0.04011523 0.14376909 -0.21161998 0.01628814 -0.05571533 -0.03973030 0.99752293
1311867243.57469702 -0.08745878 0.00031955 0.22183491 -0.03426701 -0.04593900 -0.05265662 0.99696673
1311867255.24590611 -0.03971690 -0.03170432 -0.16650750 -0.00602842 -0.06205019 -0.05908541 0.99630434
1311867255.24590611 -0.03971690 -0.03170432 -0.16650750 -0.00602842 -0.06205019 -0.05908541 0.99630434
1311867261.21198702 0.03589413 -0.06349740 -0.59447553 0.03628897 -0.05571778 -0.05098047 0.99648363
1311867280.28523493 -0.03456286 -0.13983028 0.08624452 -0.02525785 -0.04283120 -0.05620934 0.99718004
