1305032353.99316502 0.00000000 0.00000000 0.00000000 0.00000000 0.00000000 0.00000000 1.00000000
1305032354.25731707 -0.00198283 -0.08962111 0.00300649 -0.11163066 0.01501421 -0.00246075 0.99363329
1305032354.62545490 -0.00391152 -0.24318546 0.00075154 -0.21753387 0.03487563 -0.01300236 0.97534283
1305032354.95769596 0.00898997 -0.36618211 -0.00316287 -0.30800558 0.00314965 -0.02822891 0.95096045
1305032355.19373107 0.02336844 -0.44669603 0.02145807 -0.37755753 -0.06646087 -0.09128246 0.91907604
1305032355.35792398 0.03958723 -0.49399741 0.05563344 -0.40654894 -0.15116529 -0.09870814 0.89561360
1305032355.59396505 0.08617027 -0.54689524 0.09075281 -0.39651701 -0.24124256 -0.10698262 0.87927869
1305032355.85815096 0.17115497 -0.59770795 0.14829021 -0.34611857 -0.27059585 -0.11649588 0.89073482
1305032356.39426589 0.30486104 -0.60834127 0.18790567 -0.30259391 -0.36307663 -0.10208020 0.87532389
1305032356.56218410 0.33636399 -0.55742461 0.21329256 -0.22467405 -0.38809286 -0.10964651 0.88706434
1305032356.82633209 0.39229421 -0.44153480 0.23415989 -0.14913522 -0.37629509 -0.10049217 0.90887954
1305032357.22620797 0.46089555 -0.26766565 0.25320549 -0.11274732 -0.42651533 0.01751702 0.89725463
1305032357.72639298 0.51374038 -0.09374436 0.22002819 -0.13722906 -0.39965567 0.09356022 0.90149321
1305032358.12646294 0.50281279 -0.02825065 0.20770465 -0.09728861 -0.34674984 0.08697035 0.92883563
1305032358.32622790 0.46287867 -0.00561799 0.22207429 -0.03422568 -0.36244563 0.11350596 0.92443397
1305032359.09409189 0.50955676 -0.06322344 0.22534106 -0.05625448 -0.43601101 0.07000994 0.89544874
1305032359.29426908 0.54749294 -0.13752742 0.22967457 -0.13245386 -0.41587028 0.01202638 0.89964618
1305032359.29426908 0.54749294 -0.13752742 0.22967457 -0.13245386 -0.41587028 0.01202638 0.89964618
1305032359.59396505 0.55922421 -0.26447545 0.26935263 -0.22850507 -0.40326473 -0.06220430 0.88390815
1305032359.99416089 0.52799650 -0.41327820 0.36679244 -0.32825806 -0.43049963 -0.13835545 0.82932170
1305032360.19427204 0.49970000 -0.46039348 0.43190995 -0.37526371 -0.47622998 -0.20228637 0.76906591
1305032360.42624593 0.44793015 -0.50516660 0.51094871 -0.35109073 -0.55452872 -0.24933382 0.71208556
1305032360.69407296 0.36805655 -0.55273430 0.57161598 -0.28948955 -0.61084737 -0.29940271 0.67336418
1305032360.82619190 0.33149048 -0.56149046 0.58202659 -0.24825065 -0.64434674 -0.27862002 0.66750264
1305032361.16202807 0.29588675 -0.53606941 0.62618180 0.21597579 0.71308834 0.28265713 -0.60412286
1305032361.46237397 0.36686884 -0.46137429 0.72001853 0.14424483 0.77894625 0.24068806 -0.56080783
1305032361.79396605 0.45153909 -0.35077384 0.82309452 0.08061854 0.79793546 0.15786509 -0.57608876
1305032362.52626705 0.50050393 -0.03979785 0.92653626 0.14610843 0.80996053 0.00194236 -0.56798987
1305032363.06188297 0.46173193 0.10672180 0.93893248 0.11913462 0.82160555 -0.10587981 -0.54732141
1305032363.39408302 0.47096098 0.16880034 0.92191523 0.08551292 0.79810233 -0.19650241 -0.56312256
1305032364.16209197 0.45515751 0.20677254 0.96398395 0.05518782 0.82863977 -0.23960037 -0.50289372
1305032364.32610202 0.45189866 0.16874555 0.99067442 0.05083239 0.87160658 -0.18263911 -0.45206304
1305032364.49403501 0.43555485 0.10495738 1.02048217 0.04184609 0.90667845 -0.08530664 -0.41098159
1305032364.76209307 0.39763113 -0.02958477 1.09171421 0.01668113 0.92019165 0.05481808 -0.38725192
1305032364.76209307 0.39763113 -0.02958477 1.09171421 0.01668113 0.92019165 0.05481808 -0.38725192
1305032365.16201401 0.29419505 -0.20620900 1.13814344 0.00416591 0.92777534 0.17443755 -0.32982889
1305032365.69400501 0.20113078 -0.31098905 1.15783280 -0.05295615 0.94871122 0.22573260 -0.21491268
1305032366.03006601 0.15919086 -0.34165516 1.13960863 -0.02590609 0.96878427 0.17178354 -0.17685116
1305032366.56198907 0.13101714 -0.43475721 1.08045068 -0.09825547 0.95610484 0.25430486 -0.10741709
1305032366.89425397 0.11043025 -0.42353877 1.08459203 -0.12108576 0.95919205 0.25531803 -0.01007779
1305032367.33006310 0.04352755 -0.36299350 1.15946071 -0.10010904 0.98059694 0.16773101 -0.01655687
1305032367.66217303 -0.01133575 -0.28885159 1.20467803 -0.09615695 0.99275918 0.07193786 -0.00282930
1305032368.09469295 -0.12169132 -0.15795290 1.22356780 -0.07476486 0.99460901 -0.02475742 0.06745514
1305032368.33004808 -0.15933568 -0.08368556 1.22014586 -0.06919195 0.98426368 -0.10257952 0.12615438
1305032368.59418392 -0.17473743 -0.00697573 1.18293307 -0.05648745 0.97102106 -0.20393593 0.11107391
1305032368.92994499 -0.20055027 0.12703795 1.15715403 0.04045557 0.95509304 -0.26307900 0.13019247
1305032370.09413195 -0.25665909 0.18726263 1.17834596 0.06388071 0.96844011 -0.20156944 0.13195747
1305032370.56212902 -0.25790821 0.20416105 1.25048973 0.04418173 0.98510808 -0.13049484 0.10286467
1305032370.93065906 -0.26783264 0.17801472 1.26853914 0.00624463 0.99429847 -0.05694159 0.08994007
1305032371.19920897 -0.31077754 0.06764418 1.27219561 -0.03774555 0.99538109 0.04094317 0.07820111
1305032371.69806290 -0.35486887 -0.22439261 1.21127064 -0.22240939 0.95340003 0.15769475 0.12920845
1305032371.69806290 -0.35486887 -0.22439261 1.21127064 -0.22240939 0.95340003 0.15769475 0.12920845
1305032372.12993312 -0.37137032 -0.38377148 1.02813539 -0.32308869 0.90024121 0.18576022 0.22510577
1305032372.29777789 -0.33766096 -0.43048164 0.97979652 -0.36739967 0.87189552 0.15486090 0.28431282
1305032372.62994003 -0.23053974 -0.49546191 0.93268187 -0.45094513 0.81847892 0.15333853 0.32129121
1305032372.86695099 -0.15777358 -0.53605511 0.91951981 -0.45312019 0.80073758 0.14206452 0.36512887
1305032373.03060198 -0.12532255 -0.55168819 0.90694735 -0.44003135 0.78250191 0.13740253 0.41854953
1305032373.19839597 -0.09901795 -0.54374028 0.88946467 -0.45894498 0.74110724 0.18340509 0.45441407
1305032373.43460011 -0.05935369 -0.52688050 0.86865434 -0.47194547 0.69584822 0.22830865 0.49085424
1305032374.23456001 -0.18270342 -0.53205551 0.84419752 -0.43660201 0.70682676 0.14314049 0.53785260
1305032374.43490791 -0.31096765 -0.49424076 0.82054595 -0.38903668 0.68894038 0.09316940 0.60442623
1305032374.99429607 -0.62348109 -0.27388037 0.66523285 -0.21944354 0.74094186 0.05862656 0.63199100
1305032375.56472492 -0.68881965 -0.08731336 0.63832816 -0.11851641 0.74708279 -0.03075206 0.65335708
1305032376.60191607 -0.75692923 0.16013472 0.53726185 0.11375088 0.74086155 -0.06174478 0.65906941
1305032377.76210690 -0.71279555 0.11322630 0.52520434 0.06876617 0.70262567 -0.09113779 0.70234057
1305032378.26205993 -0.65511057 -0.12030292 0.47717729 -0.13028553 0.66792302 -0.06472998 0.72987296
1305032378.43005800 -0.62881774 -0.18775293 0.45549338 -0.21238968 0.61906651 -0.03907451 0.75506322
1305032378.66195989 -0.58306654 -0.30948156 0.44890548 -0.33958158 0.55285010 -0.03227282 0.76026284
1305032378.66195989 -0.58306654 -0.30948156 0.44890548 -0.33958158 0.55285010 -0.03227282 0.76026284
1305032378.99799109 -0.51500585 -0.43868790 0.49304277 -0.38923647 0.47627673 -0.06753269 0.78555380
1305032379.49811602 -0.39424399 -0.55993101 0.56324503 -0.43558974 0.41038692 -0.08730833 0.79638019
1305032379.66221499 -0.38018014 -0.57662576 0.56218319 -0.41729420 0.35767025 -0.10965986 0.82819820
1305032379.96234298 -0.36891175 -0.58470623 0.48568741 -0.45695577 0.36496323 -0.13267098 0.80024476
1305032380.46229911 -0.37061214 -0.50047252 0.40190718 -0.38183512 0.33561529 -0.07306262 0.85803623
1305032380.96230507 -0.35198035 -0.27640379 0.25492330 -0.23020659 0.35355491 -0.08490137 0.90266029
1305032381.13031292 -0.35678442 -0.21313864 0.20074126 -0.19046418 0.40477297 -0.04477754 0.89323973
1305032381.43033695 -0.41741278 -0.15218463 0.14039996 -0.15043663 0.47241187 0.04821249 0.86710518
1305032381.59833097 -0.44664530 -0.16352757 0.09974152 -0.11507038 0.53467000 0.05085817 0.83564361
1305032381.83033895 -0.47484382 -0.19180042 0.06386821 -0.03779865 0.55546140 0.04235481 0.82960229
1305032381.99829888 -0.47124966 -0.20682556 0.03208303 0.02945866 0.56648277 0.02388333 0.82320049
1305032382.43030596 -0.37141902 -0.23578550 -0.03007241 -0.05564795 0.52620773 0.06515579 0.84602804
1305032382.53031301 -0.30364891 -0.25355754 -0.02306260 -0.12848018 0.47143917 0.07541282 0.86922429
1305032382.66229200 -0.20721598 -0.28716000 0.00817688 -0.20354519 0.39178480 0.07058175 0.89447876
1305032382.86251593 -0.10545779 -0.38015298 0.09043941 -0.26631840 0.29740709 -0.00048743 0.91685511
1305032382.99832296 -0.06870621 -0.44503031 0.14413592 -0.28385525 0.21567681 -0.02610465 0.93393161
1305032382.99832296 -0.06870621 -0.44503031 0.14413592 -0.28385525 0.21567681 -0.02610465 0.93393161
1305032383.16255212 -0.03487071 -0.49010509 0.19038123 -0.29929682 0.12952765 -0.03949133 0.94450222
1305032383.39828610 -0.01344796 -0.53435699 0.21831881 -0.33052673 0.02365013 -0.09855729 0.93833854
1305032383.66234708 0.00350138 -0.58519149 0.22224782 -0.32662722 -0.06776278 -0.12086978 0.93494030
1305032383.86239696 -0.00004365 -0.61485153 0.21095411 -0.34739745 -0.14386917 -0.13309847 0.91700680
1305032384.79828405 0.10915409 -0.44943963 0.17317367 -0.28105941 -0.18595021 -0.02448525 0.94118468
1305032384.96632099 0.15038268 -0.39053175 0.14378881 -0.20239501 -0.19386168 0.00748575 0.95989472
1305032385.19829798 0.20488633 -0.29772402 0.10173824 -0.13430321 -0.17369805 0.04599111 0.97451345
1305032385.53030396 0.25514902 -0.17955143 0.07026097 -0.03170805 -0.17537573 0.01696813 0.98384452
1305032385.93028808 0.27999017 -0.03167931 0.07933999 -0.00858271 -0.20914257 0.11639507 0.97089542
1305032386.36626101 0.29359089 0.05225734 0.13460191 -0.03226765 -0.28274632 0.17501691 0.94254040
1305032386.56627011 0.32172982 0.03037173 0.15856595 -0.06429179 -0.35202902 0.12030908 0.92599560
1305032386.93035293 0.39549195 -0.04787987 0.21054190 -0.14213208 -0.40719369 0.01823448 0.90203064
1305032387.16622210 0.42324689 -0.12904258 0.25965684 -0.22831177 -0.41268357 -0.05193331 0.88026640
1305032387.49828506 0.45796064 -0.26079465 0.33667642 -0.27415830 -0.40060219 -0.14764504 0.86171693
1305032387.93029594 0.47194257 -0.38237143 0.43162759 -0.34099627 -0.45787762 -0.22396243 0.78988003
1305032388.46636009 0.47774870 -0.50628878 0.56540323 -0.33916107 -0.49596780 -0.21562685 0.76973422
1305032388.46636009 0.47774870 -0.50628878 0.56540323 -0.33916107 -0.49596780 -0.21562685 0.76973422
1305032389.03035402 0.38506165 -0.57238126 0.63737308 -0.31250270 -0.56279183 -0.27118311 0.71558867
1305032389.83033299 0.46623525 -0.50584180 0.76491706 -0.24691957 -0.65778988 -0.26160283 0.66174554
1305032390.03035998 0.49524816 -0.47007226 0.77105148 0.18947416 0.69319702 0.21389502 -0.66168448
1305032390.36612606 0.52175615 -0.38039758 0.77095189 0.13830597 0.70317231 0.12339050 -0.68643641
1305032390.96629190 0.54803258 -0.22219847 0.82409495 0.09255852 0.71597728 -0.00934673 -0.69189746
