1305031910.76523805 0.00000000 0.00000000 0.00000000 0.00000000 0.00000000 0.00000000 1.00000000
1305031911.03504992 -0.06535488 -0.02574571 0.04231491 0.01215151 -0.05760332 -0.05715679 0.99662796
1305031911.16517711 -0.09875824 -0.03573875 0.05171541 0.01663747 -0.12043883 -0.09779643 0.98775176
1305031911.36523509 -0.13525711 -0.04750411 0.07227225 0.02861430 -0.18482250 -0.14007182 0.97231772
1305031911.56533504 -0.17456009 -0.05550113 0.09410642 0.04494848 -0.23834201 -0.14540221 0.95918242
1305031911.79729700 -0.19832288 -0.04584525 0.11446959 0.05689308 -0.30253133 -0.19357479 0.93154000
1305031911.99725199 -0.21384825 -0.03911022 0.13259171 0.01874257 -0.36996023 -0.22514062 0.90116028
1305031912.29725003 -0.21224716 -0.06072359 0.15295005 0.02364212 -0.42381548 -0.29662900 0.85547223
1305031912.73312497 -0.18313798 -0.06366378 0.16925141 0.02423118 -0.49571573 -0.33928314 0.79910307
1305031913.19711304 -0.14131918 -0.08476830 0.18940738 0.05005511 -0.44753216 -0.30552270 0.83896682
1305031913.33312201 -0.13027199 -0.08437022 0.19641297 0.05052834 -0.39940008 -0.24373650 0.88233723
1305031913.49722695 -0.08575881 -0.07825826 0.20107090 0.06219408 -0.31152296 -0.18033845 0.93089386
1305031913.59713888 -0.08236147 -0.07289589 0.18985536 0.06586597 -0.23697530 -0.13717053 0.95952521
1305031913.69724298 -0.05973622 -0.05096587 0.17045270 0.06270086 -0.16624219 -0.09233190 0.97974841
1305031913.79710603 -0.04997821 -0.04268915 0.14566118 0.04020712 -0.09764207 -0.05005975 0.99314824
1305031913.89711595 -0.02808992 -0.03293272 0.12494563 0.02493632 -0.04404606 -0.00420250 0.99870940
1305031914.03344107 0.01816943 -0.01991209 0.09978581 0.01967395 0.00677705 0.05255643 0.99840114
1305031914.03344107 0.01816943 -0.01991209 0.09978581 0.01967395 0.00677705 0.05255643 0.99840114
1305031914.16501307 0.08546969 0.00004676 0.06949124 0.01927210 0.05020729 0.09664925 0.99386455
1305031914.29716492 0.16211566 0.02593104 0.02852830 0.03965414 0.09538923 0.11226007 0.98829455
1305031914.49712706 0.28775025 0.08152034 -0.03636764 0.01554948 0.09863601 0.10385202 0.98956754
1305031914.69712901 0.40965810 0.13573375 -0.09426680 -0.00792344 0.11219498 0.08372280 0.99012120
1305031915.90123391 1.11881865 0.15787740 -0.25459852 0.00183268 -0.14692245 -0.15539986 0.97686300
1305031916.16515493 1.26782037 0.10518737 -0.23231156 0.06107709 -0.22857230 -0.20748871 0.94919583
1305031916.33342600 1.36977731 0.06593304 -0.21399015 0.11992804 -0.29578335 -0.22920050 0.91956327
1305031916.50102496 1.43367899 0.02412003 -0.23126108 0.19491665 -0.30745774 -0.22450019 0.90392306
1305031916.66513896 1.50623542 -0.01660496 -0.21412730 0.23552709 -0.37382145 -0.21319768 0.87139616
1305031916.86508489 1.55601577 -0.09009000 -0.16044291 0.27516086 -0.42626894 -0.19702890 0.83890459
1305031917.03315496 1.59415419 -0.17003489 -0.12050626 0.31039064 -0.47063505 -0.17515826 0.80714304
1305031917.16504502 1.75003790 -0.17703678 -0.10833091 0.37187112 -0.49212128 -0.16079415 0.77050228
1305031917.73300290 1.79664721 -0.26778878 0.05627503 0.28558945 -0.51786805 -0.20445957 0.78003053
1305031917.86510706 1.80222566 -0.28051825 0.14970856 0.21311319 -0.52777023 -0.23445847 0.78808031
1305031918.00109792 1.84522131 -0.30240468 0.18539845 0.14423200 -0.51680277 -0.27858100 0.79655800
1305031918.16501689 1.88582518 -0.33954587 0.25495093 0.08664086 -0.51614990 -0.34103202 0.78088399
1305031918.16501689 1.88582518 -0.33954587 0.25495093 0.08664086 -0.51614990 -0.34103202 0.78088399
1305031918.33316493 1.93326656 -0.37388145 0.34590664 0.04078877 -0.49346234 -0.39481010 0.77392259
1305031918.46508908 1.95718913 -0.41278559 0.43155973 0.00612260 -0.46113355 -0.43538785 0.77314668
1305031918.60102892 1.97099984 -0.46048762 0.51951431 -0.01202686 -0.43476657 -0.45458085 0.77729637
1305031919.06514692 2.02408365 -0.64975097 0.71175047 0.02487208 -0.48072655 -0.56514967 0.66999194
1305031919.43325591 2.03452688 -0.77432379 0.87511999 -0.01843127 0.58465058 0.62515979 -0.51673902
1305031920.00105405 1.97675118 -1.00696381 1.02817922 0.01163865 0.70420764 0.56436327 -0.43063934
1305031920.40111494 1.79988456 -1.04982992 1.11591212 0.00524735 0.71896672 0.51825093 -0.46311478
1305031920.53310490 1.75480022 -1.06341466 1.12186007 -0.01874390 0.70506390 0.49136880 -0.51096992
1305031920.70114708 1.70316929 -1.09239414 1.12480395 -0.04438022 0.68927215 0.45996281 -0.55800405
1305031920.80103111 1.68469353 -1.11215101 1.12802097 -0.06990398 0.66222600 0.43129114 -0.60873484
1305031920.93307710 1.65628221 -1.14118798 1.14033112 0.09250285 -0.63477718 -0.39809700 0.65575905
1305031921.10110497 1.61297548 -1.18669329 1.15404273 0.10461430 -0.58558058 -0.37757900 0.70963747
1305031921.30118799 1.56103245 -1.22974481 1.16691263 0.12273360 -0.52668222 -0.37785189 0.75151198
1305031921.53309894 1.52520920 -1.28519423 1.18910031 0.12658269 -0.48155446 -0.34304641 0.79649312
1305031921.70106792 1.51278672 -1.32111434 1.21872624 0.14644246 -0.41322340 -0.31019269 0.84355292
1305031921.83312201 1.49369929 -1.32971327 1.23726270 0.14990198 -0.34419253 -0.28761823 0.88109968
1305031921.83312201 1.49369929 -1.32971327 1.23726270 0.14990198 -0.34419253 -0.28761823 0.88109968
1305031922.06516600 1.44282790 -1.35090074 1.26635644 0.14090281 -0.26642009 -0.25697178 0.91822233
1305031922.30113697 1.39988982 -1.34818345 1.28117459 0.13129339 -0.19342335 -0.22929805 0.94486605
1305031922.50131202 1.36654947 -1.33040807 1.29082028 0.11116639 -0.13013172 -0.21881693 0.96063881
1305031922.73323488 1.34718106 -1.31892321 1.30681590 0.09755914 -0.07126280 -0.20556796 0.97115686
1305031923.03318405 1.37101270 -1.31626477 1.31742211 0.11616577 -0.01555495 -0.16238657 0.97974188
1305031923.33316898 1.41484645 -1.31202257 1.31981394 0.12970597 0.03614569 -0.12125567 0.98344645
1305031923.56519794 1.47258429 -1.30207205 1.29756398 0.13468016 0.07311356 -0.07223684 0.98554427
1305031923.90112090 1.58578836 -1.24489652 1.20253890 0.16219232 0.08479708 -0.05115106 0.98177730
1305031925.20111704 1.87155169 -0.89974903 0.91554654 0.20662134 -0.01943715 -0.09633436 0.97347291
1305031925.83314800 2.02315546 -0.71273692 0.84672200 0.18968448 0.00292185 -0.08628324 0.97804216
1305031926.03315592 2.08775431 -0.66346552 0.82484538 0.14640924 0.02172228 -0.05897385 0.98722569
1305031926.30105400 2.16192023 -0.59506005 0.76544049 0.12896563 0.06426725 -0.04257069 0.98864823
1305031926.56912208 2.21150063 -0.54329770 0.67936504 0.13239410 0.13293555 0.00148953 0.98224117
1305031926.80134201 2.22003252 -0.51807349 0.63041869 0.12352865 0.20524836 0.07004890 0.96835269
1305031926.93334794 2.21730837 -0.49147249 0.61987859 0.11391219 0.27209922 0.12945911 0.94669233
1305031927.07052803 2.21929099 -0.46650137 0.61236587 0.09208130 0.33555082 0.18525827 0.91902451
1305031927.07052803 2.21929099 -0.46650137 0.61236587 0.09208130 0.33555082 0.18525827 0.91902451
1305031927.20121002 2.21499747 -0.43147251 0.62269650 0.06869548 0.37821348 0.23717631 0.89217873
1305031927.33313894 2.22542186 -0.38790866 0.62727160 0.03469990 0.39123615 0.27691387 0.87695433
1305031927.50113606 2.25079754 -0.32725149 0.62302236 0.00464661 0.40694544 0.31508670 0.85737634
1305031927.93346500 2.31910963 -0.20679804 0.57079126 -0.06078145 0.38862631 0.27765224 0.87646132
1305031928.26921606 2.39654942 -0.12807740 0.48282887 -0.08113526 0.41018975 0.28600937 0.86218332
1305031928.46923208 2.42008304 -0.10645703 0.43857876 -0.06817804 0.45545675 0.32957570 0.82419097
1305031928.63359499 2.43490215 -0.09942484 0.38909695 -0.02824184 0.50926202 0.37408325 0.77454265
1305031928.76920199 2.43186944 -0.10819837 0.35289145 0.00538835 0.55596707 0.37789872 0.74031355
1305031928.90119696 2.42528677 -0.13457274 0.31797072 0.04256887 0.59767567 0.37412456 0.70781530
1305031929.00115490 2.41757958 -0.15894532 0.29174765 0.07152161 0.63272716 0.36012787 0.68179830
1305031929.10121298 2.40880713 -0.18519309 0.26754024 0.09708870 0.67306676 0.34252528 0.64825254
1305031929.20116305 2.39885722 -0.20806734 0.24570313 0.12457824 0.70910416 0.32747544 0.61189165
1305031929.33352900 2.37921759 -0.25395991 0.22147393 0.16531097 0.75019044 0.30946853 0.56046036
1305031929.50119805 2.34418503 -0.30683986 0.20123173 0.20892565 0.77795662 0.28701666 0.51841587
1305031929.63444710 2.30815899 -0.35044270 0.19699231 0.23205353 0.79702660 0.25720298 0.49471849
1305031929.86924195 2.25828082 -0.41554650 0.21651554 0.26571072 0.81198344 0.20059970 0.47941679
1305031929.86924195 2.25828082 -0.41554650 0.21651554 0.26571072 0.81198344 0.20059970 0.47941679
1305031930.30110502 2.17961549 -0.39888155 0.20411344 0.24288015 0.84216602 0.22072481 0.42783897
1305031930.43329000 2.16790046 -0.39032704 0.20861280 0.21039710 0.85760960 0.25951023 0.39101570
1305031930.56900692 2.15724922 -0.36327281 0.20906920 0.18335294 0.85600762 0.30906242 0.37163567
1305031930.73319507 2.14837384 -0.32526992 0.22512712 0.14813582 0.83730467 0.37200400 0.37227638
1305031930.90082908 2.13831671 -0.28419496 0.24241989 0.11684372 0.81741333 0.41806595 0.37868702
1305031931.06890512 2.12909103 -0.24626226 0.26343302 0.08503881 0.79693643 0.46942965 0.37053547
1305031931.20069599 2.12395270 -0.21329425 0.27091401 0.05945280 0.78228575 0.51497759 0.34538740
1305031931.30095506 2.12846009 -0.18737916 0.28282163 0.03443322 0.77804795 0.54698505 0.30702295
1305031931.43289208 2.14913704 -0.16473957 0.29705826 0.01906955 0.77952355 0.57702944 0.24293295
1305031931.76891088 2.24894258 -0.10680886 0.30244905 0.01997391 0.78306999 0.60545803 0.14079420
1305031932.36883712 2.40929681 -0.00536505 0.26488064 0.08747916 0.75885261 0.62937246 0.14276000
1305031932.56897211 2.45960904 0.01210038 0.21490494 0.10212282 0.75523879 0.61499735 0.20239459
1305031932.73284793 2.50106614 0.00670275 0.17015613 0.10222371 0.75248278 0.59016153 0.27391485
1305031932.90121388 2.53499713 0.00009156 0.12577603 0.11135422 0.75968014 0.54876407 0.33067253
1305031933.20094895 2.58815295 0.02083144 0.08514112 0.10608245 0.79559973 0.50823060 0.31220064
1305031933.50080895 2.60061169 0.04434338 0.07798352 0.10992187 0.81818722 0.51467113 0.23151780
1305031933.50080895 2.60061169 0.04434338 0.07798352 0.10992187 0.81818722 0.51467113 0.23151780
1305031933.70093107 2.58130519 0.05508656 0.09543671 0.11213477 0.83245147 0.52218170 0.14756901
1305031933.90094209 2.54737608 0.06147370 0.13211523 0.10972592 0.83592406 0.53372199 0.06581811
1305031934.10091710 2.50023575 0.05816079 0.18179236 0.09629490 0.82867837 0.55059009 0.02949567
1305031934.30093408 2.43590733 0.04080270 0.23241375 0.08415160 0.82062416 0.56522024 -0.00453620
1305031935.20095110 1.95168569 -0.03668609 0.26282121 0.01286581 0.85117889 0.50700002 0.13520333
1305031935.53690004 1.82895413 -0.03756969 0.17610487 0.05857022 0.85579711 0.50525437 0.09433375
1305031935.66910005 1.77201964 -0.06128712 0.13703730 0.06474765 0.87817901 0.47099975 0.05261748
1305031935.76897407 1.73476137 -0.08697176 0.12250552 0.03904594 0.90234661 0.42919418 0.00619413
1305031935.86902499 1.69209240 -0.10632997 0.12375484 0.02460149 0.91634803 0.39814196 -0.03440968
1305031936.00081992 1.65801063 -0.13716275 0.10762549 0.00406903 0.92969978 0.36357524 -0.05877764
1305031936.16889691 1.63487618 -0.13689684 0.08094850 -0.01061648 0.94071785 0.32579121 -0.09379399
1305031936.36892700 1.59371719 -0.14709731 0.07192653 0.00485539 0.94924052 0.28261725 -0.13800854
1305031937.06876493 1.31819837 0.00594824 0.02415274 0.06780329 0.92978971 0.34049653 -0.12229442
1305031937.23689294 1.24978014 0.06272823 0.01937810 0.09112525 0.90719597 0.40081389 -0.08966543
1305031937.46882391 1.18085631 0.15854622 0.02069299 0.11418810 0.86670488 0.48010597 -0.07267733
1305031937.63689089 1.14805728 0.22031191 0.03120191 0.11934762 0.82886528 0.54284098 -0.06373509
1305031937.63689089 1.14805728 0.22031191 0.03120191 0.11934762 0.82886528 0.54284098 -0.06373509
1305031937.80083394 1.12017753 0.28279874 0.03314178 0.11537902 0.79799786 0.58648744 -0.07693876
1305031937.96883011 1.09730026 0.33204532 0.03547591 0.10930884 0.77168715 0.61544126 -0.11739920
1305031938.13688493 1.06493553 0.37120768 0.03475175 0.10430744 0.74499583 0.63541014 -0.17422726
1305031938.33690000 1.01243670 0.40934757 0.04806865 0.11189655 0.70918964 0.65048504 -0.24778706
1305031938.53702807 0.96172200 0.42211658 0.03626679 0.09079541 0.69800301 0.63972792 -0.30870080
1305031938.66874695 0.94565732 0.39742924 0.03198407 0.05657143 0.71190414 0.61206648 -0.33965688
1305031938.80078101 0.94047318 0.35561504 0.01474008 0.00936289 0.73322146 0.57387903 -0.36463884
1305031938.90097594 0.94206856 0.31989679 -0.00181718 -0.03078310 0.74862308 0.53893857 -0.38491702
1305031939.00102997 0.94117636 0.26734116 -0.01353471 -0.05406495 0.76276928 0.50487071 -0.40045671
1305031939.16881490 0.94014937 0.21439186 -0.01998726 -0.08209353 0.78921416 0.44400702 -0.41624443
1305031939.30084205 0.94412455 0.17566852 -0.02358034 -0.11298929 0.81278112 0.38776987 -0.41982712
1305031939.40084791 0.94462067 0.13552629 -0.02092496 -0.13765648 0.83118585 0.33581890 -0.42119645
1305031939.66886711 0.95662628 0.05526223 -0.01956661 -0.15570484 0.84933653 0.26724309 -0.42774361
1305031939.90363312 0.95481496 0.01480623 -0.01144516 -0.15336152 0.82195265 0.26104731 -0.48241931
1305031940.03708792 0.94187062 0.01176920 0.00466145 -0.14626278 0.78447050 0.28119399 -0.53305081
1305031940.16873693 0.91134390 0.03417375 -0.01106249 -0.16578441 0.74183987 0.28721971 -0.58283271
1305031940.16873693 0.91134390 0.03417375 -0.01106249 -0.16578441 0.74183987 0.28721971 -0.58283271
1305031940.33673191 0.86124436 0.07438717 -0.01876409 -0.16175087 0.69461831 0.27437956 -0.64502551
1305031940.43675590 0.82559089 0.10759362 -0.03073969 0.14703538 -0.63948668 -0.27023013 0.70456587
1305031940.56875801 0.79338357 0.14359553 -0.02117332 0.12848403 -0.58839800 -0.26081568 0.75448978
1305031940.73694706 0.75315135 0.16653662 -0.01140519 0.13212441 -0.53252335 -0.25806444 0.79521366
1305031940.90330505 0.70139261 0.19314957 0.00918910 0.12254857 -0.48297640 -0.27415227 0.82253035
1305031941.17114401 0.57219613 0.24057214 0.06082044 0.10134166 -0.41231672 -0.30376658 0.85290718
1305031941.53722000 0.39544745 0.25421294 0.12454135 0.05517858 -0.32777342 -0.22116025 0.91684680
1305031941.83684802 0.24892524 0.27334362 0.18100339 0.04953657 -0.22630181 -0.19347345 0.95336333
1305031942.63994193 -0.06232255 0.40809793 0.30077269 0.04111999 -0.19330430 -0.20334072 0.95895524
1305031943.40424490 -0.15121154 0.24857397 0.44006231 0.03236031 -0.25207676 -0.23574753 0.93799425
1305031943.63802600 -0.14528516 0.14684192 0.44886111 0.06193087 -0.25665960 -0.22350420 0.93826238
1305031943.86887288 -0.15209773 0.05150707 0.43121556 0.10636826 -0.26329804 -0.22488792 0.93208656
1305031944.07088590 -0.16705394 -0.00993135 0.43035990 0.16879418 -0.26778606 -0.20973986 0.92509910
1305031944.30693412 -0.13880567 -0.02768860 0.39964695 0.21004137 -0.23922906 -0.16573900 0.93337166
1305031944.53906894 -0.09166043 -0.01339238 0.36232450 0.20191286 -0.15991533 -0.10623350 0.96040238
1305031944.70777392 -0.06329589 -0.01106543 0.36476773 0.16529866 -0.09836291 -0.09028486 0.97716413
1305031944.70777392 -0.06329589 -0.01106543 0.36476773 0.16529866 -0.09836291 -0.09028486 0.97716413
1305031944.87571907 -0.04779588 -0.01538017 0.36035732 0.13630450 -0.03798077 -0.07442779 0.98713679
1305031945.06917691 -0.01728169 -0.04134731 0.35388734 0.17102084 -0.00789612 -0.04502631 0.98420636
1305031945.20710707 0.01873225 -0.04944770 0.33658342 0.24882455 -0.02486397 -0.04153239 0.96733820
1305031945.43681788 0.06847503 -0.07609119 0.31111569 0.31404298 -0.04014110 -0.04728854 0.94738033
1305031945.73867297 0.17884250 -0.06399331 0.32495792 0.33413046 -0.02024565 -0.05351974 0.94078828
1305031945.86925793 0.22542382 -0.04598332 0.34761129 0.28678561 0.00245989 -0.04612198 0.95688073
1305031945.96930003 0.25599566 -0.03359667 0.35232475 0.22757406 0.02612062 -0.03082079 0.97292232
1305031946.06905699 0.28030390 -0.02271421 0.35264755 0.17513890 0.05774395 -0.01158024 0.98278070
1305031946.23736906 0.31570057 0.00170698 0.33966832 0.13695588 0.08750918 0.00461151 0.98669345
1305031946.50658607 0.33496945 0.08355630 0.25787564 0.08976199 0.06309189 -0.00638301 0.99394238
1305031946.96906400 0.37058926 0.21658194 0.05516545 0.06502637 0.08505003 -0.00116446 0.99425183
1305031947.90499496 0.81477554 0.26363839 -0.02929576 0.10535702 -0.08219223 -0.16615050 0.97700478
1305031948.70507503 1.18517491 0.08645884 0.18078635 0.06624164 -0.13711288 -0.24045327 0.95864192
1305031948.86883497 1.25301087 0.05287169 0.23377847 0.03933976 -0.11208022 -0.23505613 0.96469634
1305031949.00500607 1.30034413 0.03358240 0.29351721 -0.01882037 -0.10397991 -0.22647791 0.96826738
1305031949.13726306 1.33428423 0.02495671 0.35564447 -0.08464589 -0.10176987 -0.22895705 0.96439444
1305031949.13726306 1.33428423 0.02495671 0.35564447 -0.08464589 -0.10176987 -0.22895705 0.96439444
1305031949.40506411 1.41083054 -0.01072512 0.42363581 -0.15051817 -0.16138201 -0.30385045 0.92680906
1305031949.70500302 1.47628119 -0.10877848 0.42557055 -0.09287911 -0.23538866 -0.35073883 0.90163625
1305031949.83696389 1.48349939 -0.15865888 0.41085112 -0.03227725 -0.25681199 -0.34369544 0.90270661
1305031949.93685794 1.49429182 -0.19369180 0.39827357 0.02925983 -0.27597852 -0.33258212 0.90131507
1305031950.03698897 1.50364115 -0.22849507 0.38376355 0.08847922 -0.27185673 -0.31199208 0.90604983
1305031950.13699698 1.50447015 -0.28161363 0.36635138 0.14856848 -0.26801367 -0.27380206 0.91166250
1305031950.23702693 1.52262643 -0.31122466 0.35450253 0.23986865 -0.27380798 -0.22783600 0.90309633
1305031950.33719707 1.54173527 -0.33320450 0.33766926 0.30173927 -0.26954107 -0.20488307 0.89124853
1305031950.46897602 1.56366744 -0.34285802 0.31616650 0.36864172 -0.28212334 -0.18581641 0.86601499
1305031950.83713508 1.56494753 -0.34683161 0.40605883 0.29236844 -0.28490917 -0.19822981 0.89109618
1305031951.00483608 1.58438986 -0.34121809 0.44378311 0.21229963 -0.28532952 -0.22392890 0.90739836
1305031951.20491409 1.64977925 -0.32133544 0.48238247 0.15621904 -0.29915953 -0.26877324 0.90214197
1305031951.36883998 1.72803416 -0.32521946 0.51213418 0.10201905 -0.31085791 -0.34620275 0.87926283
1305031951.53688788 1.80360403 -0.34298836 0.55970394 0.05678324 -0.29485372 -0.38270534 0.87371252
1305031951.66892910 1.86168640 -0.36938780 0.60906467 0.02291351 -0.27538702 -0.38780716 0.87934212
1305031951.80488610 1.90127843 -0.39035698 0.66867294 -0.01692837 -0.24746809 -0.38912322 0.88716182
1305031951.80488610 1.90127843 -0.39035698 0.66867294 -0.01692837 -0.24746809 -0.38912322 0.88716182
1305031951.93696189 1.93263043 -0.41666562 0.73182583 -0.04856501 -0.21851334 -0.38437714 0.89562692
1305031952.53694797 1.95952978 -0.57972081 0.90683141 -0.03891200 -0.32733513 -0.44970755 0.83012089
1305031952.76895690 1.95095898 -0.61774042 0.92882934 0.00654363 -0.37090430 -0.41983182 0.82832869
1305031952.90492010 1.93790530 -0.63728803 0.94364056 0.03362822 -0.44508150 -0.40880791 0.79601991
1305031953.03694296 1.95172094 -0.66655074 0.95197768 0.05641258 -0.50894211 -0.40951489 0.75504510
1305031953.37296391 1.95437283 -0.72749601 0.94397430 0.09674621 -0.57197916 -0.42891208 0.69246981
1305031953.97285700 2.00001577 -0.69291667 0.85903710 0.00332888 -0.50741200 -0.40811508 0.75892296
1305031954.13693905 1.99940521 -0.67402546 0.82660169 0.01364160 -0.42160640 -0.41629619 0.80545604
1305031955.27290511 1.92516712 -0.43228801 0.49107490 0.04612243 -0.25061196 -0.35976744 0.89757103
