1305033527.67003393 0.00000000 0.00000000 0.00000000 0.00000000 0.00000000 0.00000000 1.00000000
1305033527.93392897 -0.00410858 0.04124374 -0.03894147 -0.02731370 0.01804515 0.01539751 0.99934541
1305033529.23393297 0.15085270 -0.22539174 0.30061572 -0.00808339 0.01309414 0.02334336 0.99960907
1305033529.80190396 0.18791021 -0.43980580 0.54507910 0.01685967 0.03918246 0.03313336 0.99854027
1305033530.50317597 0.28427093 -0.69463217 0.90784841 0.01724266 0.03085635 0.03326471 0.99882132
1305033530.96991801 0.34621421 -0.86057393 1.10968911 0.03099991 0.03364672 0.02239470 0.99870185
1305033531.80270100 0.29419290 -0.79157073 1.02687528 0.02006614 0.09858420 0.07528187 0.99207416
1305033532.17122412 0.21153726 -0.69047724 0.89431757 0.01833267 0.16006391 0.12038053 0.97956724
1305033532.77210999 0.14584097 -0.53374270 0.67675092 0.01761518 0.20108890 0.12790033 0.97102753
1305033533.03790092 0.11283783 -0.44395280 0.56979818 0.00246647 0.25268369 0.15790283 0.95457402
1305033533.27060390 0.09736539 -0.40985184 0.52172876 -0.00125359 0.32680615 0.22269213 0.91847938
1305033533.43781400 0.06245662 -0.40358641 0.50110207 0.01202377 0.39339449 0.28215133 0.87492104
1305033533.70220709 -0.00068552 -0.36604865 0.46504438 0.02375735 0.46137051 0.33486386 0.82124237
1305033533.97079206 -0.07279149 -0.33417767 0.42784578 0.02645956 0.51472611 0.36629170 0.77471757
1305033534.23866105 -0.19266661 -0.30873579 0.38838824 0.03720371 0.56110020 0.39588959 0.72598477
1305033534.53858590 -0.35503477 -0.29163793 0.37464881 0.02768835 0.59356570 0.42462803 0.68308429
1305033534.90688109 -0.54325425 -0.30595755 0.42290189 0.03681885 0.65029463 0.46435983 0.60010934
1305033534.90688109 -0.54325425 -0.30595755 0.42290189 0.03681885 0.65029463 0.46435983 0.60010934
1305033535.20638108 -0.71125406 -0.33623197 0.50875365 0.03169472 0.67102805 0.50163707 0.54504775
1305033535.83773589 -0.89823953 -0.36311030 0.56428316 0.02614049 0.67279695 0.52439421 0.52122131
1305033537.00734591 -0.85869271 -0.34496135 0.52115117 0.02782733 0.70287999 0.54139884 0.46051347
1305033537.54340005 -0.73554686 -0.30697542 0.46896342 0.04252684 0.72369613 0.54953809 0.41528696
1305033537.90244603 -0.63687843 -0.25087131 0.40987855 0.05386532 0.73914895 0.56437079 0.36365226
1305033538.27579403 -0.56239254 -0.20296703 0.31556336 0.04280500 0.76092029 0.57567426 0.29625528
1305033538.54340506 -0.50472761 -0.17392246 0.26097411 0.03579162 0.78430100 0.57111323 0.23962593
1305033538.80294895 -0.45244772 -0.15674136 0.20944726 0.04353058 0.80443508 0.56838179 0.16712697
1305033539.04457688 -0.42278131 -0.13805595 0.16705235 0.05392907 0.81858216 0.56274354 0.10165931
1305033539.50333190 -0.42153845 -0.06254329 0.08508194 0.05284880 0.82103306 0.56761734 0.03036885
1305033540.23961806 -0.48262524 0.00414010 0.03677006 0.04389250 0.81211949 0.58059694 -0.03798133
1305033540.80374503 -0.50422752 -0.05004975 0.14369597 0.03997171 0.80504053 0.58702250 -0.07560818
1305033541.50400901 -0.52764483 -0.13654730 0.24751338 0.03740180 0.80488372 0.57847267 -0.12701449
1305033542.07193708 -0.56947589 -0.21321638 0.35810188 0.03510828 0.78878039 0.58496562 -0.18549428
1305033542.60801506 -0.61898603 -0.30105284 0.48499413 0.03914021 0.78137328 0.57429144 -0.24106676
1305033543.13995099 -0.60741195 -0.38728499 0.61759040 0.02945787 0.76967125 0.56987918 -0.28631472
1305033543.13995099 -0.60741195 -0.38728499 0.61759040 0.02945787 0.76967125 0.56987918 -0.28631472
1305033543.64062691 -0.60034333 -0.45934487 0.71218114 0.03274185 0.74825634 0.55296645 -0.36505961
1305033543.97194099 -0.54322863 -0.49383290 0.77375909 0.02507175 0.71550151 0.55295807 -0.42622338
1305033544.40792704 -0.47424396 -0.52932331 0.85741817 0.02801963 0.68514921 0.54415668 -0.48340352
1305033544.80798292 -0.44419940 -0.57177035 0.91195802 0.03878078 0.65766960 0.52683968 -0.53703509
1305033545.30805802 -0.44556263 -0.63040716 0.95331503 0.03583623 0.62298046 0.50675117 -0.59482297
1305033545.90798211 -0.55047938 -0.63996111 0.95770760 -0.03341397 -0.61014133 -0.47209478 0.63540347
1305033546.47209406 -0.73395568 -0.63018142 0.99479159 -0.02535917 -0.59202094 -0.46120941 0.66041956
1305033547.40792394 -1.04267806 -0.63997277 1.00601349 -0.01773444 -0.55917191 -0.44740414 0.69774050
1305033548.27209306 -1.34960001 -0.62756686 1.01708531 -0.02816599 -0.55582344 -0.44720715 0.70019479
1305033549.04000902 -1.60929383 -0.63763286 1.04813979 -0.03224467 -0.55750414 -0.46578181 0.68643770
1305033549.73998404 -1.86304581 -0.62870779 1.07384185 -0.04252019 -0.56023153 -0.47455748 0.67758974
1305033550.07200289 -2.01058330 -0.61923601 1.08122576 -0.03247411 -0.59626461 -0.49042755 0.63473992
1305033550.40799308 -2.14526300 -0.57263815 1.08037626 -0.00888764 0.62705305 0.48603764 -0.60868128
1305033550.70800805 -2.21428650 -0.48187860 1.02671234 -0.02572491 0.65340394 0.49008783 -0.57638133
1305033550.94000196 -2.28902084 -0.40973708 0.97621265 -0.01800447 0.68828868 0.48069548 -0.54301601
1305033551.10795403 -2.32897234 -0.36827786 0.92599296 -0.01450082 0.71987480 0.47362597 -0.50719666
1305033551.10795403 -2.32897234 -0.36827786 0.92599296 -0.01450082 0.71987480 0.47362597 -0.50719666
1305033551.30799198 -2.36635740 -0.35138825 0.88203431 -0.02046492 0.75492279 0.48269270 -0.44348679
1305033551.64005399 -2.41160237 -0.35360197 0.82657680 -0.01859725 0.77977470 0.49120621 -0.38771384
1305033553.54001808 -2.59113158 -0.37693145 0.89700263 -0.02748525 0.75545401 0.51879535 -0.39923074
1305033553.77586794 -2.52217913 -0.43783003 0.95426888 -0.04053249 0.72525788 0.49745782 -0.47422974
1305033553.97599101 -2.44491721 -0.48114147 1.00223984 -0.04860489 0.69372590 0.47643112 -0.53795476
1305033554.17600703 -2.35322105 -0.50557173 1.04589350 -0.04236944 0.66102245 0.45638738 -0.59410833
1305033554.40798998 -2.26598294 -0.52530705 1.08455635 0.04015417 -0.62141628 -0.44228256 0.64545765
1305033554.90795898 -2.07064629 -0.56273538 1.12532009 0.03559356 -0.54819769 -0.38869600 0.73968088
1305033555.80800509 -1.76990792 -0.52896352 1.05413154 0.03116828 -0.52804417 -0.38370655 0.75694595
1305033556.70798302 -1.93809254 -0.56987104 1.14057354 0.02646057 -0.46972024 -0.34636689 0.81159886
1305033557.20797491 -2.13411129 -0.64068959 1.23542299 0.03507982 -0.39059483 -0.30587326 0.86755209
1305033558.13998294 -2.39669907 -0.76759213 1.46503079 0.01690461 -0.30241635 -0.24591657 0.92075166
1305033558.57601309 -2.42395259 -0.86435120 1.59319526 0.02750104 -0.23288529 -0.19032577 0.95330175
1305033558.83987093 -2.40443923 -0.92086343 1.65524447 0.03886621 -0.17465686 -0.14690187 0.97283310
1305033559.10964608 -2.37044979 -0.97905665 1.71384734 0.05005215 -0.12947862 -0.10754908 0.98446090
1305033560.07606602 -2.31946165 -0.88364603 1.61158072 0.02223337 -0.15886159 -0.13312161 0.97803237
1305033560.07606602 -2.31946165 -0.88364603 1.61158072 0.02223337 -0.15886159 -0.13312161 0.97803237
1305033560.37614012 -2.27465113 -0.80622409 1.50258137 0.01506842 -0.21620891 -0.18365862 0.95879933
1305033560.64009094 -2.20293264 -0.74186930 1.37014283 0.01341350 -0.28065109 -0.22191860 0.93370615
1305033561.07598090 -2.07272515 -0.64273258 1.20694760 -0.00868896 -0.35112063 -0.27180219 0.89597007
1305033561.44416690 -1.99718373 -0.59541575 1.10133149 -0.02067288 -0.42429335 -0.32389379 0.84536418
1305033561.97603106 -1.89412959 -0.56228889 1.01399527 -0.00804669 -0.50201741 -0.32876168 0.79989345
1305033562.40817404 -1.85421884 -0.61423331 0.89068698 0.02650915 -0.54876248 -0.30882261 0.77639269
1305033563.44396210 -1.62405336 -0.58940553 0.87421829 0.03356126 -0.50278212 -0.30303732 0.80885856
1305033564.80799007 -1.13031998 -0.40623380 0.77368049 0.02138663 -0.38062129 -0.26624701 0.88531496
1305033565.17589998 -0.98591165 -0.36394747 0.72975830 0.01121634 -0.32408883 -0.23676323 0.91585141
1305033565.37657404 -0.91376013 -0.33287216 0.70406852 0.01169875 -0.28064582 -0.20810853 0.93690549
1305033565.67606401 -0.82288274 -0.28352357 0.64702988 0.00698864 -0.21460388 -0.16477555 0.96267614
1305033565.94407511 -0.72304813 -0.24772366 0.60413067 0.00556812 -0.17051839 -0.12880182 0.97688411
1305033566.20802999 -0.62446066 -0.20582572 0.55573189 0.00892578 -0.12367925 -0.10386179 0.98683155
1305033566.44390988 -0.52994775 -0.16278726 0.50858877 0.00989000 -0.08592756 -0.06601683 0.99406258
1305033566.67598605 -0.45297329 -0.09995689 0.44873158 0.00518392 -0.04290883 -0.02884940 0.99864892
1305033566.84488893 -0.42950168 -0.07063051 0.40996976 -0.00192873 0.00307266 0.00728954 0.99996685
1305033566.84488893 -0.42950168 -0.07063051 0.40996976 -0.00192873 0.00307266 0.00728954 0.99996685
1305033567.10891604 -0.40479797 -0.00612747 0.34762022 0.00364147 0.06746133 0.05262458 0.99632643
1305033567.24401808 -0.40539497 0.03316207 0.32019176 -0.00006898 0.09959528 0.07401385 0.99227150
1305033567.40801501 -0.41681289 0.07323768 0.29027543 -0.01065127 0.12887607 0.10091786 0.98645481
1305033567.57603908 -0.42144188 0.10086966 0.27670175 -0.01846441 0.14477687 0.11981235 0.98201004
1305033567.77609992 -0.40750756 0.10644453 0.28117751 -0.02641116 0.15783359 0.13319017 0.97808557
1305033568.04468989 -0.36569310 0.06518093 0.30736171 -0.01195829 0.17461401 0.14564663 0.97373200
1305033569.91041493 0.13123576 -0.50932816 0.88918137 0.02342719 0.21435415 0.14260950 0.96600517
1305033572.87927890 -0.02705329 -0.56203744 0.66611751 -0.03891021 0.16179104 0.10672701 0.98026476
1305033573.04713392 -0.07289802 -0.62241077 0.63381484 -0.06611177 0.09475191 0.06526666 0.99115668
1305033573.14619398 -0.11074242 -0.66797151 0.63968048 -0.06777000 0.04555804 0.03271848 0.99612308
1305033573.24566293 -0.14256435 -0.71106657 0.65804655 -0.05825254 -0.00779462 -0.00518163 0.99825800
1305033573.34670091 -0.19026373 -0.76720690 0.68082429 -0.03973628 -0.06338230 -0.04720921 0.99607982
1305033573.41347408 -0.22306194 -0.81481905 0.68430512 -0.01420004 -0.10293573 -0.07275259 0.99192220
1305033573.47682190 -0.26877803 -0.86244953 0.68875171 0.01698696 -0.13203264 -0.08546704 0.98740782
1305033573.54694009 -0.32008373 -0.91747493 0.70496336 0.04981862 -0.14473702 -0.09890486 0.98325334
1305033573.64486790 -0.39157214 -0.98630585 0.71105040 0.09714497 -0.14680079 -0.10280871 0.97900089
1305033573.64486790 -0.39157214 -0.98630585 0.71105040 0.09714497 -0.14680079 -0.10280871 0.97900089
1305033573.74655199 -0.45903069 -1.04223969 0.71023384 0.12721088 -0.12230330 -0.07268063 0.98161949
1305033573.87690091 -0.55715267 -1.09626668 0.70405980 0.15853070 -0.08668149 -0.05775080 0.98184478
