1305031526.67147303 0.00000000 0.00000000 0.00000000 0.00000000 0.00000000 0.00000000 1.00000000
1305031526.77148104 0.01099571 -0.01567591 -0.02522644 0.04593494 0.03627344 -0.00121318 0.99828490
1305031526.87144589 0.00606252 -0.01240085 -0.06780538 0.11532710 0.06897997 -0.01019757 0.99087710
1305031527.00759506 -0.01476284 -0.00397825 -0.12199203 0.18706019 0.10509471 -0.01716496 0.97655975
1305031527.47149706 -0.01939275 0.04599954 -0.13260829 0.17501624 0.12379239 0.00782454 0.97672081
1305031527.63983297 -0.03002837 0.07918592 -0.10461262 0.11510250 0.12410079 0.01095624 0.98551021
1305031527.80758095 -0.04885510 0.07856752 -0.06495345 0.05393571 0.09192983 0.02028401 0.99409678
1305031527.93956590 -0.08191506 0.08486912 -0.05232722 0.03245403 0.04132973 0.00650728 0.99859714
1305031528.07154608 -0.13421631 0.09463772 -0.04678069 0.04757186 -0.02689485 -0.05386208 0.99705188
1305031528.17152309 -0.17051499 0.10383228 -0.05788551 0.06364779 -0.07615151 -0.10578690 0.98942359
1305031528.27544999 -0.20652071 0.11183617 -0.08264717 0.08654880 -0.10539033 -0.14915914 0.97936394
1305031528.33959293 -0.23669648 0.11999474 -0.10370318 0.10427076 -0.14984047 -0.17188141 0.96805590
1305031528.40745902 -0.26694221 0.12711174 -0.12289223 0.11413403 -0.20190900 -0.18421263 0.95512925
1305031528.47534204 -0.27324002 0.13758248 -0.15406937 0.11836182 -0.25948219 -0.19464224 0.93849554
1305031528.53962588 -0.28107477 0.14505780 -0.17465964 0.11673947 -0.31793871 -0.20047674 0.91929100
1305031528.63948703 -0.29331054 0.16536002 -0.19587117 0.10293544 -0.38900131 -0.21687636 0.88940819
1305031528.77544308 -0.31163406 0.21495788 -0.21704536 0.07330398 -0.41965445 -0.24904271 0.86976687
1305031528.77544308 -0.31163406 0.21495788 -0.21704536 0.07330398 -0.41965445 -0.24904271 0.86976687
1305031528.87543297 -0.33223342 0.26323201 -0.23486546 0.04000911 -0.42153027 -0.27490103 0.86321546
1305031528.97546506 -0.36041715 0.30709225 -0.25336572 -0.00503657 -0.41456981 -0.28797026 0.86323788
1305031529.13959694 -0.42022143 0.39218268 -0.28164273 -0.08084274 -0.35245501 -0.25045244 0.89806096
1305031529.30741310 -0.49566380 0.48005795 -0.32709782 -0.16134979 -0.26293220 -0.20364537 0.92917246
1305031529.47540307 -0.58701896 0.52770632 -0.40186605 -0.18239536 -0.22707822 -0.20981005 0.93335264
1305031529.97550106 -0.86718016 0.58011429 -0.45021979 -0.16042494 -0.09951925 -0.12038571 0.97461122
1305031530.20748591 -1.01844122 0.53606999 -0.48411080 -0.16392286 -0.07792031 -0.04805498 0.98221609
1305031530.47543907 -1.16134615 0.46342024 -0.60776479 -0.11704607 -0.03002168 -0.05488471 0.99115417
1305031530.60755897 -1.21299162 0.40395423 -0.65259035 -0.07327024 0.01892956 -0.05713030 0.99549449
1305031530.70745611 -1.25471271 0.37016480 -0.69914260 -0.02027806 0.09158911 -0.05519405 0.99405928
1305031530.80746698 -1.31455298 0.38019331 -0.76157235 0.02565542 0.17157546 -0.03507344 0.98421213
1305031531.07532501 -1.54914849 0.44579955 -0.76192695 0.01881965 0.15170396 0.01400372 0.98814757
1305031531.17535496 -1.61981385 0.44514272 -0.69077398 -0.01485924 0.09355605 0.02534017 0.99518056
1305031531.27551508 -1.69732637 0.45507295 -0.62767140 -0.03606620 0.04176234 0.03733366 0.99777820
1305031531.77544188 -2.00869025 0.46043415 -0.40451203 -0.00781079 0.08813136 0.06433222 0.99399860
1305031532.03967500 -2.16683208 0.47944397 -0.30295367 -0.06337210 0.12629033 0.08814119 0.98603543
1305031532.03967500 -2.16683208 0.47944397 -0.30295367 -0.06337210 0.12629033 0.08814119 0.98603543
1305031532.13951993 -2.21663509 0.48966585 -0.26181723 -0.10663259 0.14892111 0.13490644 0.97378244
1305031532.27551389 -2.28738839 0.50917340 -0.19424144 -0.14540675 0.17274164 0.20708714 0.95190972
1305031532.40744805 -2.35576600 0.50091937 -0.13243058 -0.18206630 0.17183603 0.27165660 0.92926150
1305031532.53945804 -2.41651016 0.46264575 -0.07780367 -0.13058490 0.17576943 0.27259451 0.93688042
1305031533.03950500 -2.47746025 0.35584741 0.09510734 -0.09086437 0.31622096 0.37463295 0.86683224
1305031533.23951101 -2.48075289 0.29835263 0.10458277 -0.08381482 0.37656888 0.40790915 0.82751500
1305031533.40748310 -2.49492025 0.22736769 0.10424751 -0.05589505 0.41872427 0.40718856 0.80977973
1305031533.73955488 -2.58635370 0.12485868 0.07415111 -0.00888740 0.48368735 0.43742692 0.75804041
1305031533.93952990 -2.57586714 0.06009845 0.19444429 0.03649844 0.44445335 0.45203866 0.77252193
1305031534.00732303 -2.58706662 0.03938877 0.20889258 0.06723849 0.39697068 0.43612463 0.80479101
1305031534.10744190 -2.60807449 0.01248620 0.22147206 0.11854694 0.35596605 0.39839761 0.83696723
1305031534.23952889 -2.63862303 -0.01499702 0.25587992 0.16996725 0.36606003 0.34680135 0.84666405
1305031534.50752497 -2.61035480 -0.07399381 0.28851420 0.21355314 0.36852145 0.30400743 0.85215402
1305031534.80751610 -2.57523881 -0.07066119 0.30528243 0.24039469 0.31409723 0.27891911 0.87507568
1305031535.20751405 -2.57541580 -0.05585983 0.30281418 0.26644962 0.27637624 0.23771877 0.89225028
1305031535.40771198 -2.58340437 -0.04387478 0.29282657 0.26255261 0.21359487 0.22103571 0.91465107
1305031535.40771198 -2.58340437 -0.04387478 0.29282657 0.26255261 0.21359487 0.22103571 0.91465107
1305031536.00746202 -2.58678346 0.04814342 0.27069914 0.20369493 0.22147222 0.21020635 0.93019983
1305031536.10757899 -2.57778513 0.07167115 0.26791742 0.16303824 0.24510873 0.24053669 0.92492288
1305031536.20747399 -2.56171314 0.09940681 0.25431904 0.12615894 0.27745676 0.27871582 0.91072453
1305031536.30747199 -2.55273267 0.12458734 0.23914962 0.09453853 0.31694419 0.32633092 0.88550380
1305031536.43954611 -2.54643476 0.16168935 0.21627159 0.06971240 0.36724426 0.38627592 0.84324537
1305031536.63983798 -2.55028223 0.19246283 0.20290367 0.05176043 0.38560108 0.44430956 0.80698308
1305031537.17537689 -2.56440839 0.35083601 0.04691527 0.02548141 0.38783259 0.37328569 0.84237425
1305031537.74342608 -2.43560282 0.46010400 -0.26934614 0.03411395 0.27576734 0.22406850 0.93412094
1305031538.17556500 -2.18565584 0.49563918 -0.41610734 0.07009244 0.17663586 0.15472978 0.96950788
1305031538.34341311 -2.09276399 0.48341444 -0.47548457 0.12138325 0.14471947 0.10702775 0.97614929
1305031538.54345012 -1.98260624 0.51594352 -0.54326241 0.16963465 0.07779270 0.07016738 0.97992291
1305031538.74357200 -1.86831550 0.60524310 -0.59286518 0.12016218 0.03072803 0.04020043 0.99146395
1305031538.84351802 -1.78948093 0.65082239 -0.63006049 0.06551234 0.00430319 0.03652744 0.99717369
1305031538.97550702 -1.69520861 0.68701380 -0.66617273 0.01561646 0.00109301 0.03233200 0.99935458
1305031539.14360690 -1.56392955 0.71724431 -0.67968583 -0.02734236 -0.00708354 0.02072527 0.99938615
1305031539.30752110 -1.42979315 0.72861248 -0.65515176 -0.10051982 -0.05432073 -0.01921909 0.99326515
1305031539.30752110 -1.42979315 0.72861248 -0.65515176 -0.10051982 -0.05432073 -0.01921909 0.99326515
1305031539.40784597 -1.35137874 0.72595048 -0.64424710 -0.15238139 -0.05830688 -0.08076794 0.98328875
1305031539.54345894 -1.24218620 0.72055950 -0.64131685 -0.18893248 -0.09170197 -0.11693944 0.97068040
1305031539.97588301 -0.92841408 0.63599211 -0.58420202 -0.16979974 -0.20991059 -0.26664851 0.92520493
1305031540.14344311 -0.82344165 0.59014905 -0.55137278 -0.12117103 -0.21851262 -0.28993631 0.92385429
1305031540.24349594 -0.77186982 0.56681339 -0.54420690 -0.07275264 -0.21336117 -0.27302819 0.93522173
1305031540.37543797 -0.69965607 0.53302863 -0.53611144 -0.02225047 -0.22233106 -0.23693952 0.94548055
1305031540.47547603 -0.65687819 0.50848126 -0.53870869 0.01580900 -0.21810799 -0.19376806 0.95636443
1305031540.57563496 -0.60564203 0.48866803 -0.54034585 0.05738460 -0.20751142 -0.16274454 0.96289160
1305031540.67589498 -0.55636082 0.46951240 -0.54726467 0.08680655 -0.17381076 -0.13724432 0.97129730
1305031540.77551293 -0.50712532 0.45351704 -0.54924919 0.10451735 -0.13132374 -0.10661791 0.98003205
1305031540.87547207 -0.47074067 0.44772530 -0.55227025 0.12018076 -0.06719681 -0.07454319 0.98766618
1305031540.97540092 -0.45131622 0.44206387 -0.55523716 0.13187364 -0.01211914 -0.03742357 0.99048571
1305031541.14350700 -0.41372105 0.42995797 -0.55490885 0.16080166 0.02851812 0.00837623 0.98653909
1305031541.44369888 -0.42011655 0.42628868 -0.51647800 0.12606546 -0.01916992 0.00517545 0.99182318
1305031541.57560802 -0.42301024 0.42170914 -0.50136260 0.10181969 -0.06855400 -0.04669548 0.99133881
1305031541.74343896 -0.44013558 0.40612036 -0.49412716 0.07571556 -0.14073002 -0.14299245 0.97673711
1305031541.74343896 -0.44013558 0.40612036 -0.49412716 0.07571556 -0.14073002 -0.14299245 0.97673711
1305031541.87543797 -0.46944121 0.39206190 -0.48575178 0.05166958 -0.17905049 -0.26380732 0.94640207
1305031542.00769401 -0.49328392 0.38198934 -0.48051436 0.02846354 -0.25991163 -0.29534704 0.91891561
1305031542.24409103 -0.50777902 0.36064334 -0.41822507 -0.00045618 -0.34217459 -0.34355623 0.87457730
1305031542.77562404 -0.44417509 0.24621094 -0.21150844 -0.04589482 -0.36172494 -0.31896446 0.87482021
1305031543.17558694 -0.39463344 0.14561569 -0.00615937 -0.09314737 -0.38235419 -0.32258672 0.86085228
1305031543.50765204 -0.38572404 0.08516409 0.06884058 -0.07385384 -0.41112577 -0.28253852 0.86353529
1305031543.70747805 -0.40180796 0.07385363 0.00169393 -0.05341450 -0.43814823 -0.30235795 0.84483886
1305031544.27554011 -0.42885311 0.03736790 -0.40304547 -0.02869156 -0.32029647 -0.25259132 0.91257032
1305031544.64344406 -0.58621375 0.18982765 -0.60855418 -0.05452897 -0.25326053 -0.27418983 0.92612398
1305031544.94343400 -0.72524738 0.28461104 -0.64415470 -0.06910183 -0.25898251 -0.29674193 0.91656818
1305031545.47542310 -0.97691967 0.31395482 -0.61008616 -0.04029977 -0.16635683 -0.16861572 0.97070597
1305031545.64346290 -1.04223312 0.33200263 -0.60653564 0.02590539 -0.18427584 -0.14704432 0.97146760
1305031546.07541394 -1.13162627 0.47830361 -0.54640813 -0.02456696 -0.13979720 -0.16326275 0.97631884
1305031546.20749998 -1.13119908 0.52008008 -0.54608448 -0.06380792 -0.09798973 -0.14942387 0.98183454
1305031546.37605596 -1.11176641 0.56875481 -0.50983699 -0.07929137 -0.05263079 -0.10414349 0.98999849
1305031546.64420009 -1.07964880 0.65696710 -0.45279229 -0.09674083 -0.02915445 -0.06241701 0.99292263
1305031546.64420009 -1.07964880 0.65696710 -0.45279229 -0.09674083 -0.02915445 -0.06241701 0.99292263
1305031546.80799603 -1.07483442 0.68723154 -0.42328462 -0.12942765 -0.00890365 -0.06016545 0.98972184
