1305031229.52874804 0.00000000 0.00000000 0.00000000 0.00000000 0.00000000 0.00000000 1.00000000
1305031229.66465712 -0.00741130 -0.00149798 -0.00065279 -0.00807898 -0.09433674 0.01127972 0.99544366
1305031229.82561302 -0.02159676 -0.00287591 0.00011269 -0.00915578 -0.17803622 0.03417542 0.98338767
1305031229.96616006 -0.02745016 -0.00897136 0.00677821 -0.01221581 -0.26853041 0.05478738 0.96163430
1305031230.12991905 -0.03472449 -0.00866303 0.00918170 -0.01138195 -0.34761320 0.06578813 0.93525795
1305031230.29798198 -0.04521923 -0.01106969 0.01376275 -0.01514677 -0.41901898 0.07553826 0.90470307
1305031230.46521997 -0.04950028 -0.01645802 0.00373922 -0.02186342 -0.50046740 0.09435832 0.86032022
1305031230.56608391 -0.05273596 -0.01710044 -0.00139030 -0.03132549 -0.57243737 0.10690360 0.81234585
1305031230.66579509 -0.05465782 -0.01594909 -0.00677608 -0.03720202 -0.63424380 0.10889591 0.76452109
1305031230.79730296 -0.05629518 -0.01769432 -0.00813678 -0.04276636 -0.69327822 0.11627585 0.70994104
1305031230.89737892 -0.06578521 -0.02136147 -0.01707347 0.03972051 0.73911795 -0.12404164 -0.66086354
1305031231.32574105 -0.06765289 -0.00664058 0.02614057 -0.02690070 -0.69243799 0.10495118 0.71329604
1305031231.42568803 -0.06429764 0.00043191 0.02568594 -0.02828979 -0.63184608 0.09842728 0.76829831
1305031231.52575493 -0.05542031 0.00206279 0.02817242 -0.03414998 -0.58613418 0.09115680 0.80434504
1305031231.66504502 -0.04540219 0.00963581 0.03509503 -0.03500716 -0.52691629 0.08100236 0.84532381
1305031231.79372311 -0.04096585 0.01263535 0.04111810 -0.03454921 -0.45149058 0.05803238 0.88971616
1305031231.89372706 -0.03036719 0.00981135 0.04419028 -0.03124323 -0.37963590 0.03276515 0.92402754
1305031231.89372706 -0.03036719 0.00981135 0.04419028 -0.03124323 -0.37963590 0.03276515 0.92402754
1305031232.02578998 -0.01439085 0.00296819 0.05136858 -0.03027669 -0.29291186 0.01696366 0.95550939
1305031232.16503191 -0.00111188 0.00723318 0.04688312 -0.02332358 -0.21523418 0.00780303 0.97625272
1305031232.29385495 0.00944400 0.00625487 0.03902711 -0.02188151 -0.14073141 -0.00702555 0.98978104
1305031232.52578092 0.00242999 0.00487110 0.02600864 -0.01936471 -0.05063020 -0.02927817 0.99810039
1305031232.72587609 0.00465675 0.00009677 0.02860769 -0.01680498 0.03442766 -0.05671260 0.99765526
1305031232.92575598 -0.00753684 0.00227157 0.02499971 -0.00946251 0.11400903 -0.06819489 0.99109125
1305031233.12584591 -0.00351079 0.01671766 0.02615851 -0.00517586 0.02083200 -0.01629522 0.99963679
1305031233.29380202 -0.01743416 0.02942128 0.02718162 -0.02282552 -0.05930413 0.02174414 0.99774206
1305031233.36179996 -0.04305694 0.02456686 0.02309491 -0.03056146 -0.14407652 0.03746513 0.98838470
1305031233.42570806 -0.05370662 0.01445868 0.01588355 -0.03937542 -0.22097453 0.04469212 0.97345901
1305031233.56178498 -0.05469054 0.00717911 0.01981406 -0.04152855 -0.29525540 0.04694777 0.95336013
1305031233.66170001 -0.05409691 -0.00200892 0.01292410 -0.04587886 -0.37063694 0.05854503 0.92579472
1305031234.16172910 -0.02934544 0.00468727 0.02863102 0.02175829 -0.35745094 0.06957375 0.93108265
1305031234.36161208 -0.02345920 0.00867294 0.02214497 0.08515341 -0.34281120 0.08929682 0.93126551
1305031234.52964497 -0.01306052 -0.00056853 0.02049138 0.14943491 -0.33162477 0.11061522 0.92490999
1305031234.69374990 -0.00349836 0.00915185 0.01528793 0.23607192 -0.32226938 0.13755479 0.90636150
1305031234.69374990 -0.00349836 0.00915185 0.01528793 0.23607192 -0.32226938 0.13755479 0.90636150
1305031234.89375997 0.00702519 0.02294125 -0.00405964 0.31336061 -0.30341512 0.15461271 0.88647578
1305031235.19360495 -0.01978666 0.04066815 0.03226749 0.23270528 -0.33169986 0.13584382 0.90408512
1305031235.36165309 -0.02524128 0.04862220 0.04198503 0.16014370 -0.33756054 0.11187853 0.92080947
1305031235.49366498 -0.02816276 0.06132594 0.04623121 0.08891821 -0.35017239 0.09594285 0.92750623
1305031235.62979794 -0.03838679 0.06662472 0.06428189 0.01117530 -0.36178268 0.08031904 0.92872884
1305031235.76181793 -0.06135410 0.06486366 0.09262549 -0.07793122 -0.37330886 0.06076100 0.92242903
1305031235.86160302 -0.06835513 0.07033256 0.10361230 -0.13634385 -0.37606690 0.04572303 0.91536520
1305031236.02965212 -0.07494681 0.08341434 0.10659570 -0.20873312 -0.37433215 0.02583172 0.90312715
1305031236.56167793 -0.05641443 0.06958448 0.09556733 -0.14212100 -0.36497844 0.04589532 0.91895918
1305031236.69366693 -0.04656583 0.05032577 0.07993577 -0.08294700 -0.36300560 0.06088968 0.92608810
1305031236.82970500 -0.04233179 0.02989815 0.06203567 -0.01667994 -0.35883139 0.07288525 0.93040290
1305031236.96163893 -0.02723655 0.01759797 0.02837045 0.05340585 -0.35213917 0.08620038 0.93043824
1305031237.09369493 -0.00903002 0.00290771 0.00482979 0.12322707 -0.34733253 0.10123002 0.92408208
1305031237.22969103 0.01025509 0.00205761 -0.01939985 0.19105803 -0.33487290 0.12250348 0.91452166
1305031237.39367104 0.02298617 0.00110523 -0.03805104 0.25481989 -0.31344328 0.13950870 0.90407824
1305031238.19379210 0.00555640 0.03389241 -0.02400558 0.19130857 -0.34302262 0.11678372 0.91219410
1305031238.19379210 0.00555640 0.03389241 -0.02400558 0.19130857 -0.34302262 0.11678372 0.91219410
1305031238.32966208 -0.01521295 0.03550068 -0.00639829 0.10774216 -0.35719909 0.08297238 0.92407576
1305031238.42967296 -0.02997965 0.03596526 0.00835992 0.04566548 -0.36331470 0.05987735 0.92861822
1305031238.62975097 -0.04412554 0.03652233 0.02862820 -0.03974861 -0.37864463 0.02787489 0.92426797
1305031238.82973003 -0.05375948 0.04954767 0.03911440 -0.11529447 -0.38436850 0.00227798 0.91594915
1305031239.56173301 -0.04519162 0.03467148 0.02915842 -0.04874733 -0.37997985 0.03192914 0.92315738
1305031239.72989392 -0.04156263 0.01409469 0.02158988 0.01480003 -0.36628663 0.05326435 0.92885842
1305031239.82966590 -0.03159768 0.00891487 0.00712414 0.06851496 -0.36054919 0.08453620 0.92637121
1305031239.96170998 -0.01103115 0.00595995 -0.00910169 0.13788903 -0.35822754 0.10144776 0.91780608
1305031240.12966490 0.01262533 0.00190801 -0.03078650 0.21804206 -0.34809135 0.13031083 0.90239080
1305031240.29364610 0.03768386 0.00377788 -0.05387415 0.29866097 -0.33510989 0.16658587 0.87792490
1305031240.49371290 0.04495183 0.01166382 -0.05415568 0.36280994 -0.31651608 0.19094151 0.85541093
1305031240.89368510 0.02025363 0.03876333 -0.03500784 0.28552293 -0.32910489 0.15172232 0.88721303
1305031241.06199002 -0.00504751 0.03886577 -0.01639482 0.18710030 -0.33653748 0.11442158 0.91577492
1305031241.19371390 -0.02105133 0.04429016 0.00194351 0.10190493 -0.35582607 0.09096575 0.92451524
1305031241.32991004 -0.03248844 0.04844277 0.01783588 0.02141482 -0.35912914 0.06912553 0.93047801
1305031242.09372497 -0.04314217 0.04099944 0.02238485 0.01183591 -0.37882337 -0.06434764 0.92315337
1305031242.09372497 -0.04314217 0.04099944 0.02238485 0.01183591 -0.37882337 -0.06434764 0.92315337
1305031242.52971005 -0.05451722 0.01886744 -0.00069608 0.09483573 -0.33059919 -0.30655151 0.88754523
1305031242.79369903 -0.07364659 0.02704060 -0.00952746 0.14473321 -0.30617546 -0.48013893 0.80918199
1305031243.76166701 -0.11075409 0.03242622 0.00045852 0.15427753 -0.30131215 -0.23329196 0.91158340
1305031243.92965603 -0.08666626 0.02135617 -0.00539781 0.15844353 -0.34038421 -0.03418123 0.92621049
1305031244.29767990 -0.04656570 0.06562052 0.01237408 0.11434244 -0.35668951 0.22282864 0.90002544
1305031244.56167197 -0.04184503 0.09724968 0.03962376 0.06068708 -0.31142543 0.39726874 0.86110907
1305031245.62961006 -0.04770661 0.07198755 0.00542222 0.13543478 -0.34015094 0.20176471 0.90843038
1305031245.82977891 -0.04741358 0.07274739 0.00266738 0.12822132 -0.30854107 0.06176095 0.94050374
1305031246.22963691 -0.06930015 0.03996193 -0.03319536 0.15235392 -0.27689838 -0.22595075 0.92144551
1305031246.49771690 -0.09341242 0.03763750 -0.04293404 0.22300965 -0.22849432 -0.44526483 0.83653827
1305031246.76174402 -0.12010134 0.06420284 -0.04315960 0.27307269 -0.21814957 -0.60697288 0.71374085
1305031246.96158099 -0.13043929 0.08400933 -0.04098354 -0.26286571 0.21846798 0.70455930 -0.62190799
1305031247.66168094 -0.14133997 0.09808312 -0.05703624 0.22008682 -0.32126839 -0.54051522 0.74578262
1305031247.89763808 -0.12975376 0.07377394 -0.06849009 0.22488314 -0.33358570 -0.32802156 0.85472218
1305031248.09817910 -0.09806378 0.05779308 -0.07099622 0.24935115 -0.33744286 -0.16933704 0.89178545
1305031248.32968807 -0.04534150 0.06049552 -0.07491072 0.23602591 -0.33838718 0.02688598 0.91052898
1305031248.32968807 -0.04534150 0.06049552 -0.07491072 0.23602591 -0.33838718 0.02688598 0.91052898
1305031248.70113397 -0.01613531 0.07789613 -0.07463658 0.20297526 -0.32691317 0.24358914 0.89027701
1305031248.92976594 0.01042371 0.10047307 -0.03383163 0.18259250 -0.28996394 0.35579494 0.86947735
1305031249.72996902 0.03255587 0.08471149 0.00513871 0.20184611 -0.27527030 0.15740748 0.92666461
1305031249.89754796 0.00836927 0.06389650 -0.02099628 0.19574547 -0.19356297 0.00284838 0.96135788
1305031250.09760404 -0.01311089 0.05552250 -0.05079492 0.21451958 -0.12854431 -0.13298408 0.95904794
1305031250.26191711 -0.04296327 0.04462831 -0.04905727 0.22501468 -0.16021289 -0.26048181 0.92512132
1305031250.49813795 -0.07639037 0.04252814 -0.04063894 0.24218984 -0.14346918 -0.42603505 0.85979928
1305031251.36183095 -0.08763041 0.03710627 -0.04502592 0.24088374 -0.23424385 -0.26990263 0.90236213
1305031251.59765697 -0.06276386 0.03402259 -0.04652386 0.21074818 -0.27666875 -0.04482808 0.93649882
1305031251.76175499 -0.04540259 0.03115353 -0.05444232 0.18064082 -0.33928302 0.11755096 0.91566244
1305031251.92989802 -0.01899178 0.04663585 -0.04767879 0.16627299 -0.40704699 0.25464890 0.86128972
1305031252.19785190 0.00318785 0.07893636 -0.01711486 0.11096103 -0.40429074 0.44927670 0.78891514
1305031252.83102107 -0.01199467 0.09221372 0.02561405 0.09746047 -0.34470491 0.41678227 0.83544750
1305031253.09794688 -0.02531548 0.06243704 0.01376929 0.14233144 -0.31248255 0.20866342 0.91572703
