1305031102.17530394 0.00000000 0.00000000 0.00000000 0.00000000 0.00000000 0.00000000 1.00000000
1305031102.91118503 -0.01264326 0.05591821 0.28186878 -0.04689824 -0.00506228 -0.00662264 0.99886489
1305031104.27554607 0.00320482 -0.03101084 0.07292543 -0.02572695 -0.03972664 -0.01563593 0.99875695
1305031104.67552495 0.00653828 -0.05865320 -0.06184656 0.02589743 -0.00617979 -0.01147468 0.99957964
1305031104.84325790 0.01887270 -0.05010058 -0.11290606 0.08735519 0.02706403 0.00064787 0.99580931
1305031105.24326992 -0.00207558 -0.01448987 -0.01589834 0.03294704 0.01499878 -0.00471483 0.99933343
1305031105.44331598 -0.01531593 -0.01184081 0.07668774 -0.01445408 -0.01926365 -0.00826290 0.99967581
1305031106.14335489 -0.00437350 0.05648605 0.37161489 -0.06373123 0.00363637 0.01813174 0.99779574
1305031107.14326000 -0.01493543 -0.00853883 0.11787590 -0.05059121 -0.03236687 -0.02369103 0.99791365
1305031107.41127110 -0.00118525 -0.03886284 0.01694658 0.00225422 -0.00568491 -0.02908189 0.99955832
1305031108.11137795 0.08057893 -0.02448916 0.04261246 0.00968279 0.04370579 -0.01991403 0.99879902
1305031108.47547102 0.22056065 -0.01208281 0.07856108 -0.02195019 0.04851919 0.01015448 0.99852940
1305031108.74350190 0.33035008 -0.00303584 0.08475571 -0.02025949 0.08975510 0.02325155 0.99548628
1305031109.31132889 0.23324529 -0.00083522 0.06675729 -0.02758778 0.04557343 0.04429225 0.99759720
1305031109.54329395 0.13278884 0.00139328 0.06166891 -0.03644754 0.00896404 0.02272774 0.99903687
1305031109.84329605 0.00611261 0.01691540 0.05755188 -0.05275405 -0.00557592 0.01953944 0.99840079
1305031110.14343190 -0.12486085 0.02535980 0.08827923 -0.07647744 -0.02899146 -0.02401551 0.99636035
1305031110.14343190 -0.12486085 0.02535980 0.08827923 -0.07647744 -0.02899146 -0.02401551 0.99636035
1305031110.44325995 -0.23246362 0.03503116 0.08466402 -0.07940602 -0.06680733 -0.03789509 0.99387898
1305031110.74324894 -0.32107733 0.04602177 0.07338668 -0.09157676 -0.10424132 -0.06752816 0.98802196
1305031111.47925901 -0.14735286 0.04143907 0.08750292 -0.07892074 -0.08308294 -0.05602129 0.99183182
1305031111.71176004 -0.04109776 0.03068616 0.09722495 -0.06292635 -0.04060740 -0.02380612 0.99690751
1305031111.84329891 0.02641803 0.02510272 0.10185065 -0.05115638 0.00698494 -0.01477624 0.99855691
1305031112.07933903 0.13640496 0.01965259 0.10239991 -0.04159511 0.03282775 0.00864229 0.99855771
1305031112.24336910 0.20454116 0.01094440 0.10291890 -0.03689295 0.07388866 -0.01528884 0.99646657
1305031112.67995191 0.34741959 0.00922769 0.09415118 -0.00442526 0.07616910 0.04053257 0.99626091
1305031113.14330602 0.26922590 0.02361889 0.09740103 -0.03312648 0.05355902 0.03194926 0.99750354
1305031113.37931204 0.15213646 0.00819820 0.09684559 -0.03589185 0.01554954 0.03819039 0.99850462
1305031113.54324198 0.06182482 0.00090672 0.09879487 -0.04316527 -0.01393433 0.02238674 0.99871989
1305031114.04330111 -0.16719141 0.00921752 0.09320248 -0.03059379 -0.01156613 -0.03486295 0.99885676
1305031114.31142902 -0.28043793 0.01861982 0.09881822 -0.02391698 -0.04561953 -0.05136448 0.99735075
1305031114.67925096 -0.37460544 0.01721107 0.10818542 -0.03941424 -0.08746557 -0.06030117 0.99355929
1305031115.27996612 -0.23265281 0.03530764 0.12419790 -0.04784556 -0.07017082 -0.05854055 0.99466570
1305031115.54360390 -0.07846579 0.03311572 0.15628566 -0.06461155 -0.05235845 -0.01850477 0.99636415
1305031115.54360390 -0.07846579 0.03311572 0.15628566 -0.06461155 -0.05235845 -0.01850477 0.99636415
1305031115.74324989 0.03503549 0.02488930 0.15918147 -0.06129304 -0.01921199 0.02746964 0.99755676
1305031115.91111803 0.11129046 0.02729629 0.16000932 -0.05677402 0.02208148 0.06217870 0.99620426
1305031116.08002996 0.18288337 0.04358530 0.16609312 -0.06593815 0.06638109 0.07965070 0.99242203
1305031116.27938509 0.25012898 0.04952766 0.17768789 -0.08306749 0.11255835 0.09895979 0.98520930
1305031116.88016510 0.11627389 0.04593290 0.16365125 -0.07819295 0.07546000 0.03529799 0.99345141
1305031117.01138210 0.03935081 0.04770249 0.15864107 -0.07598396 0.02667608 0.00641822 0.99673147
1305031117.17926407 -0.02625007 0.06394529 0.14976308 -0.08378852 -0.02691848 -0.01124720 0.99605641
1305031117.81132007 -0.05454515 -0.04022540 0.17179956 -0.08271796 -0.05823419 -0.00617758 0.99485092
1305031118.21120191 -0.06293011 -0.16844794 0.22836254 -0.07648195 -0.03203213 -0.01355270 0.99646414
1305031119.34774089 -0.05984363 0.03086627 0.13493070 -0.05614233 -0.05187057 -0.02213589 0.99682871
1305031119.71523190 -0.06104857 0.15943576 0.10865267 -0.07565868 -0.03770155 -0.01764535 0.99626452
1305031120.81494403 -0.05627054 0.06525212 0.15563164 -0.03879724 -0.05364513 0.01208687 0.99773287
1305031121.28287601 -0.06268105 -0.07954127 0.19326476 -0.02479186 -0.05634255 -0.00216739 0.99810129
1305031122.68340206 -0.07239059 0.00607893 0.14306917 -0.05420919 -0.06869353 -0.02867906 0.99575101
1305031123.15082192 -0.07429202 0.14859102 0.11404475 -0.07936677 -0.05762183 -0.01314663 0.99509186
1305031123.38225508 -0.06551923 0.22242506 0.10815932 -0.11376122 -0.03379112 -0.00761735 0.99290408
1305031123.38225508 -0.06551923 0.22242506 0.10815932 -0.11376122 -0.03379112 -0.00761735 0.99290408
1305031123.68375301 -0.05209488 0.29877316 0.09854319 -0.13804452 -0.01680884 0.01120223 0.99022002
1305031124.28254509 -0.05334337 0.22917249 0.12129620 -0.11211187 -0.04100739 0.01727619 0.99269877
1305031124.51132393 -0.05295884 0.14974034 0.13653368 -0.07310354 -0.05741206 0.00685951 0.99564686
1305031124.77936506 -0.05662029 0.05044853 0.15813102 -0.04004411 -0.06951338 -0.00841840 0.99674144
1305031125.15101290 -0.05544119 -0.07480779 0.21276761 -0.02453729 -0.07378538 -0.00548588 0.99695714
1305031126.31133199 -0.05204913 0.04807298 0.18156732 -0.05709030 -0.06213929 -0.01499079 0.99632057
1305031126.61152792 -0.04845259 0.14384542 0.16523522 -0.09849239 -0.05125726 -0.00919606 0.99377431
