1305032180.41676807 0.00000000 0.00000000 0.00000000 0.00000000 0.00000000 0.00000000 1.00000000
1305032181.58085704 0.00509574 0.40704456 -0.00435437 0.04385641 0.02683312 -0.05646093 0.99708012
1305032181.74899006 0.00173235 0.42881438 0.00167140 -0.00812636 0.05532650 -0.05007650 0.99717866
1305032182.31685400 -0.01313988 0.35354870 -0.00769054 0.00988616 0.01841532 -0.03948707 0.99900146
1305032183.01679301 -0.07014235 0.01633971 -0.00946325 -0.09162406 0.03048141 -0.10331473 0.98995049
1305032183.18075204 -0.09891260 -0.07176851 -0.00258067 -0.06025479 0.05847644 -0.14699975 0.98556630
1305032183.28084111 -0.11631576 -0.09835398 0.01498264 -0.12110078 0.11204935 -0.09027461 0.98215581
1305032183.54879999 -0.17962348 -0.18422305 0.06643193 -0.10119016 0.20003307 -0.07173678 0.97190594
1305032184.64880204 -0.41417306 -0.14180911 0.27012111 -0.13740115 0.28285685 -0.03414945 0.94865523
1305032184.91806102 -0.46946675 -0.20296356 0.30821031 -0.13617200 0.26060596 -0.08638894 0.95188165
1305032185.01682997 -0.48039794 -0.21086961 0.30890506 -0.11260765 0.20869641 -0.07832917 0.96831290
1305032185.11690092 -0.48150595 -0.21944304 0.30403010 -0.10156260 0.13971899 -0.03917516 0.98418949
1305032185.38071299 -0.50024375 -0.23295583 0.32796204 -0.15840370 0.18623986 -0.10358671 0.96410205
1305032185.48075008 -0.53262683 -0.22520751 0.34425580 -0.13811531 0.28166823 -0.11362029 0.94269698
1305032186.83831596 -0.65072497 -0.32185962 0.53099770 -0.19358373 0.36270574 0.02254218 0.91129673
1305032186.93833494 -0.64733302 -0.32593162 0.53335098 -0.20262411 0.30134205 0.02834124 0.93130726
1305032187.67451501 -0.68853791 -0.35286027 0.62008603 -0.17651852 0.40934740 0.07715870 0.89180853
1305032187.67451501 -0.68853791 -0.35286027 0.62008603 -0.17651852 0.40934740 0.07715870 0.89180853
1305032188.13839293 -0.61269917 -0.32667403 0.71287952 -0.15210667 0.46858114 0.08184290 0.86637002
1305032188.37425494 -0.57382650 -0.31126028 0.76436990 -0.17947962 0.53181257 0.07431342 0.82428149
1305032189.07431102 -0.51270369 -0.32226481 0.90106161 -0.14767774 0.60588688 0.08423185 0.77717268
1305032189.67463112 -0.46518818 -0.26878884 0.94740988 -0.12768886 0.62457395 -0.00712800 0.77042334
1305032190.17438197 -0.43898960 -0.30006721 1.00058598 -0.16133065 0.67701574 0.03246275 0.71733415
1305032190.27443600 -0.44443422 -0.32225095 1.01253005 -0.12896640 0.73749064 0.03721915 0.66188365
1305032190.37455297 -0.46276150 -0.32860399 1.02904728 -0.11034688 0.78602168 0.03091288 0.60748487
1305032190.53957391 -0.48940508 -0.34661215 1.06028923 -0.12121043 0.81839682 0.07176921 0.55712104
1305032190.63835096 -0.49116198 -0.35898036 1.06498333 -0.13283263 0.83000248 0.13514723 0.52458232
1305032190.83929491 -0.50604147 -0.37469735 1.08948062 -0.09605711 0.87460231 0.14791728 0.45162407
1305032190.93829799 -0.49763432 -0.38118619 1.10903338 -0.09595436 0.89884611 0.17535393 0.39002490
1305032191.10736895 -0.49816649 -0.40551512 1.15001572 -0.03197272 0.92231712 0.16060162 0.35002285
1305032191.27536511 -0.49584953 -0.40294392 1.19905136 0.03564100 0.92274571 0.23954498 0.29981375
1305032191.37537193 -0.48419118 -0.40787053 1.22203598 0.02842683 0.90148810 0.27071926 0.33648506
1305032192.20746207 -0.56942089 -0.32402242 1.43014328 -0.04709623 0.93449777 0.20628871 0.28625309
1305032192.64268208 -0.64053236 -0.22856434 1.39599476 -0.08757571 0.90886946 0.13648142 0.38426505
1305032192.64268208 -0.64053236 -0.22856434 1.39599476 -0.08757571 0.90886946 0.13648142 0.38426505
1305032192.77567410 -0.66887741 -0.21469647 1.36042925 -0.10209733 0.87307002 0.13726492 0.45659962
1305032193.04260111 -0.71211130 -0.18634941 1.24060423 -0.13876109 0.79938658 0.10083284 0.57581176
1305032193.31077790 -0.76071130 -0.15224538 1.10419686 -0.11183078 0.72502388 0.10088952 0.67205324
1305032193.44080901 -0.76657434 -0.15091533 1.05425388 -0.10657121 0.67509901 0.06283210 0.72727989
1305032193.61096907 -0.77615119 -0.13408070 1.00172325 -0.07818050 0.61770625 0.03779643 0.78159979
1305032194.01111698 -0.79731413 -0.04517866 0.90190728 -0.06880149 0.62933100 0.03424037 0.77332816
1305032194.67855906 -0.84470031 0.00329103 0.92571566 -0.02172063 0.68619969 0.01984569 0.72681796
1305032194.87918901 -0.84576504 -0.05487889 0.96933548 -0.03816910 0.74230160 -0.01125839 0.66888318
1305032195.07939506 -0.81977854 -0.11776652 1.04976457 -0.04849267 0.77922819 -0.05091554 0.62278366
1305032195.31176805 -0.77291689 -0.15940600 1.16746145 -0.03296997 0.83780518 -0.04469750 0.54313682
1305032195.61123395 -0.68585998 -0.18310539 1.32031983 -0.02510700 0.89700195 -0.03614886 0.43982997
1305032195.94600892 -0.58790955 -0.16144890 1.43230630 0.01819582 0.91538689 0.05812445 0.39794134
1305032196.11102200 -0.54516813 -0.17557475 1.46879380 0.00431819 0.92764726 0.12094035 0.35330629
1305032196.64720297 -0.42756917 -0.24058204 1.51300970 0.00633564 0.92335139 0.10148233 0.37024775
1305032196.87930608 -0.38653195 -0.28134884 1.50827985 0.04285629 0.92440524 0.06859164 0.37273781
1305032197.20635295 -0.35159718 -0.28808318 1.48805476 0.05431117 0.92468205 0.16721512 0.33771661
1305032197.20635295 -0.35159718 -0.28808318 1.48805476 0.05431117 0.92468205 0.16721512 0.33771661
1305032197.54613805 -0.32211936 -0.33352157 1.49532221 0.01485266 0.95123835 0.16648818 0.25924251
1305032197.84655809 -0.27451824 -0.35740022 1.50552013 0.13967289 0.95789039 0.16200792 0.19154872
1305032198.50636292 -0.17166716 -0.23224753 1.53496652 0.02006356 0.97674404 0.15003773 0.15184604
1305032199.34671688 -0.18896092 -0.08491908 1.60901287 0.08023955 0.97059084 0.16220355 0.15876095
1305032199.64230990 -0.19706200 0.02446079 1.62628425 0.06198801 0.97590234 0.15281720 0.14289511
1305032200.14232302 -0.16346901 0.09493190 1.61916651 0.06670322 0.98149769 0.16190036 0.07746768
1305032200.54232502 -0.03056558 0.00846149 1.59408836 0.02708397 0.98690035 0.15902605 -0.00220774
1305032200.67435193 -0.00591386 -0.05654567 1.58297664 0.03107101 0.98996541 0.12914063 -0.04822630
1305032200.80656910 0.01157670 -0.12664797 1.57220189 0.01096250 0.99382077 0.08434988 -0.07131064
1305032201.00636101 0.03872312 -0.19590954 1.56840774 0.00589351 0.99781610 0.03011108 -0.05849457
1305032201.34244895 0.02313311 -0.26876273 1.56677161 -0.01807376 0.99286259 -0.00065066 -0.11788469
1305032201.50642610 0.03956346 -0.30281512 1.57387297 -0.00574199 0.98173525 -0.00819237 -0.18998896
1305032201.84233904 0.08639787 -0.36927248 1.58463047 0.01013512 0.96216492 -0.02543651 -0.27108842
1305032202.00642490 0.13904925 -0.39316100 1.59348379 -0.00103251 0.93415273 -0.00844723 -0.35677198
1305032202.40654802 0.23997446 -0.40541926 1.53748854 0.03672383 0.94393194 0.02434385 -0.32718683
1305032202.47454405 0.23398939 -0.39586888 1.54003717 0.05673135 0.95612393 0.05293422 -0.28250053
1305032202.47454405 0.23398939 -0.39586888 1.54003717 0.05673135 0.95612393 0.05293422 -0.28250053
1305032202.57439899 0.22838044 -0.39138540 1.52882721 0.10123871 0.95043385 0.12360564 -0.26673558
1305032203.14233899 0.22699309 -0.44009222 1.50453759 0.03342776 0.92417118 0.19346510 -0.32766059
1305032204.07446599 0.34897863 -0.35930758 1.38978392 0.10876449 0.89989069 0.19702501 -0.37356146
1305032204.64234710 0.40187846 -0.29863225 1.41094557 0.13405964 0.88188352 0.23604498 -0.38547664
1305032205.31042290 0.47627964 -0.27420226 1.34494245 0.13727928 0.85975960 0.29782099 -0.39149775
1305032205.81036210 0.52157345 -0.29855204 1.27593243 0.08789128 0.88878740 0.27625975 -0.35498257
1305032205.94230700 0.52914899 -0.30735097 1.25150741 0.06459838 0.91410589 0.24416774 -0.31720590
1305032206.07453799 0.55784162 -0.32820714 1.24018797 -0.00611070 0.92545787 0.22318350 -0.30607111
1305032206.17444491 0.57719851 -0.35013541 1.22910332 -0.04890367 0.93544024 0.18528464 -0.29703467
1305032206.27435088 0.58986851 -0.35574329 1.20239770 -0.04600653 0.95302464 0.15466113 -0.25633448
1305032206.41039300 0.59510291 -0.35898159 1.17267895 -0.02140104 0.97282666 0.12535334 -0.19348600
1305032206.71022105 0.53218350 -0.30294797 1.12926863 0.04675194 0.95387049 0.14984299 -0.25591485
1305032206.81033111 0.51353354 -0.28380077 1.12416548 0.06004283 0.92755804 0.16597273 -0.32936907
1305032206.91044593 0.49603329 -0.26082716 1.12978457 0.07897994 0.89138802 0.18605933 -0.40567412
1305032207.04238009 0.48179143 -0.25101816 1.14845751 0.11571569 0.83914512 0.19762577 -0.49334511
1305032207.17439389 0.48130885 -0.25155082 1.17629199 0.12536899 0.78746364 0.20005235 -0.56935287
1305032207.17439389 0.48130885 -0.25155082 1.17629199 0.12536899 0.78746364 0.20005235 -0.56935287
1305032207.31035805 0.48384284 -0.25557665 1.19556623 0.12341327 0.74140382 0.21570025 -0.62334817
1305032207.51030207 0.47572472 -0.25990185 1.22130133 0.14923325 0.68932090 0.21173205 -0.67656165
1305032207.91044688 0.46673981 -0.28864445 1.23408982 -0.19125469 -0.62467451 -0.16589306 0.73870352
1305032208.11039209 0.49425287 -0.29623299 1.22532547 -0.18209335 -0.58965490 -0.09196298 0.78146780
1305032208.44239497 0.53183686 -0.29487793 1.17706752 -0.21768742 -0.51387326 -0.07002150 0.82682734
1305032209.07432508 0.56202337 -0.27009294 1.12987181 -0.24123086 -0.55872248 -0.13248033 0.78235914
1305032209.17436409 0.57647101 -0.27717577 1.12580126 -0.24532522 -0.62128675 -0.09770726 0.73774766
1305032209.47438502 0.61251144 -0.32973733 1.10259065 0.25149507 0.68414700 0.06808476 -0.68121772
1305032210.11038899 0.66152141 -0.47313198 1.06357241 0.22242827 0.73217900 0.09733334 -0.63636922
1305032211.07425499 0.63329705 -0.48107350 1.05784299 0.24443035 0.74770862 0.16936502 -0.59371804
1305032211.64241791 0.58472619 -0.38742979 1.04829022 0.25275583 0.70493131 0.10157992 -0.65488004
1305032212.11036706 0.46686625 -0.43735536 1.03962246 -0.22280688 -0.65857076 -0.17731867 0.69656280
1305032212.27456403 0.43803682 -0.48823114 1.02966542 -0.23205058 -0.59022307 -0.18494104 0.75072369
1305032212.77457500 0.34357628 -0.46262373 0.92591757 -0.21198785 -0.51071832 -0.18348158 0.81274994
1305032213.24239206 0.22776835 -0.47122170 0.82174961 -0.24611310 -0.40209597 -0.16188487 0.86691433
1305032213.84248710 0.17201164 -0.47461590 0.72794297 -0.29377554 -0.30669339 -0.12540462 0.89660960
1305032213.84248710 0.17201164 -0.47461590 0.72794297 -0.29377554 -0.30669339 -0.12540462 0.89660960
1305032214.21039104 0.09530025 -0.48159930 0.61381994 -0.30790159 -0.18372335 -0.09595914 0.92856566
1305032214.57843494 0.10569181 -0.49559796 0.57321470 -0.24234234 -0.20425005 -0.04673145 0.94729524
1305032214.67846894 0.13685254 -0.47663056 0.58995581 -0.19538754 -0.26250933 -0.03727350 0.94420509
1305032214.81051707 0.17874582 -0.45103315 0.59799144 -0.15328129 -0.24823485 -0.00707803 0.95646966
1305032214.97857690 0.20185340 -0.41608258 0.58586817 -0.13197371 -0.17236584 0.00763222 0.97612228
1305032215.07852888 0.21028898 -0.41413032 0.57978856 -0.09966687 -0.11560852 0.01635576 0.98814658
1305032215.17852998 0.21044266 -0.37370090 0.54721271 -0.05214435 -0.06527838 0.02717194 0.99613322
1305032215.37837505 0.21657602 -0.32759190 0.52319723 -0.09948972 -0.04144289 0.03252959 0.99364285
1305032215.54241705 0.22989471 -0.27462816 0.53209565 -0.16188593 -0.05376923 0.06163869 0.98341369
1305032215.74241090 0.24917539 -0.28054333 0.50844659 -0.11776407 -0.05248102 0.13973870 0.98175886
1305032216.11134601 0.24765425 -0.30431649 0.47194243 -0.07161893 -0.02794597 0.16556058 0.98319858
1305032216.54246998 0.25466777 -0.31888384 0.44855607 0.00617616 -0.00675311 0.16343565 0.98651155
1305032216.61053896 0.27541483 -0.30731572 0.41850075 0.08627267 -0.00186909 0.14127423 0.98620237
1305032216.67882800 0.28481541 -0.28424405 0.39041101 0.02274824 -0.05512056 0.06842239 0.99587279
1305032216.81033492 0.30920031 -0.28989801 0.43011359 -0.01363308 -0.12555923 0.08399837 0.98842971
1305032216.97833204 0.40256713 -0.24518154 0.44707960 -0.02450365 -0.21623614 0.09536926 0.97136307
1305032216.97833204 0.40256713 -0.24518154 0.44707960 -0.02450365 -0.21623614 0.09536926 0.97136307
1305032217.11042690 0.44980042 -0.21787391 0.46650207 -0.06121869 -0.28376280 0.01678288 0.95679114
1305032217.21038795 0.46352631 -0.19997285 0.48041438 -0.10426553 -0.31770240 -0.03242182 0.94188253
1305032217.44244409 0.52122218 -0.16931928 0.49398013 -0.14446820 -0.34480015 -0.08003416 0.92403264
1305032217.61050391 0.54753398 -0.14546798 0.49972869 -0.17378330 -0.40268044 -0.06889516 0.89604759
1305032218.44240594 0.54269814 -0.02997003 0.44833146 -0.21292077 -0.36060154 -0.04997243 0.90671607
1305032218.84243894 0.46303970 -0.05246955 0.35735524 -0.23324271 -0.24723923 -0.09078664 0.93607072
1305032219.41019797 0.24044455 -0.01647357 0.26450017 -0.21935413 -0.20978213 -0.08202928 0.94928732
1305032219.64255095 0.15993572 0.01441808 0.28909492 -0.14381423 -0.19391517 -0.02744025 0.97003165
1305032220.40978098 -0.03457515 -0.22611462 0.23956434 -0.23966875 -0.11200806 -0.01608779 0.96423766
1305032220.64150000 -0.03456244 -0.31778148 0.19276181 -0.25866447 -0.04427803 -0.03761760 0.96421837
1305032220.74143100 -0.04643233 -0.34687045 0.15455452 -0.21898654 0.00206453 -0.08338179 0.97215642
1305032221.27737689 -0.08536129 -0.28587209 0.05662349 -0.20458870 -0.05202320 -0.07294803 0.97473875
1305032221.67725897 -0.06242782 -0.14852704 0.03934647 -0.22820779 -0.02616858 0.02012686 0.97305258
1305032223.34121299 -0.07929817 -0.04302182 0.09783686 -0.13447429 -0.00603361 -0.05454454 0.98939636
1305032223.60800290 -0.15672844 -0.06535815 0.14251236 -0.12815472 0.08535925 0.10085721 0.98291301
1305032224.17584300 -0.25918896 -0.21520404 0.24472399 -0.14272247 0.11551819 -0.01323331 0.98290932
1305032224.17584300 -0.25918896 -0.21520404 0.24472399 -0.14272247 0.11551819 -0.01323331 0.98290932
1305032224.30891109 -0.25408416 -0.26076810 0.27369245 -0.10276466 0.08533831 0.01789931 0.99087659
1305032224.57578397 -0.26204413 -0.33600735 0.29395150 -0.12230659 0.17394380 0.03139212 0.97662643
1305032224.67577004 -0.27878064 -0.36993011 0.30673243 -0.08653003 0.20347654 -0.01273030 0.97516552
1305032224.77583408 -0.31062999 -0.39743404 0.31396596 -0.04151898 0.23020519 -0.05500369 0.97069889
1305032224.87573910 -0.35527530 -0.41452697 0.34006199 -0.00168771 0.29052242 -0.06248972 0.95482402
1305032225.27577400 -0.46937595 -0.43353774 0.44015135 -0.02670171 0.34777132 0.02444122 0.93688033
1305032225.37733698 -0.48397450 -0.41151643 0.46282753 -0.09208435 0.33735938 0.05398049 0.93530488
1305032225.47573400 -0.48772520 -0.35771485 0.48628721 -0.16428921 0.34694474 0.05615755 0.92167496
1305032225.57570004 -0.49679743 -0.30847936 0.50167896 -0.23389309 0.35567355 0.04690485 0.90365385
1305032225.67578602 -0.48811079 -0.26543011 0.50769078 -0.30697710 0.34645732 0.03890791 0.88556115
1305032225.77630711 -0.47763004 -0.22798342 0.50629415 -0.35719247 0.35371532 0.04856890 0.86309911
1305032226.24368691 -0.41197837 -0.23786741 0.49975921 -0.31605219 0.38101094 0.08344505 0.86485756
1305032226.40901899 -0.37409800 -0.24531283 0.49837047 -0.25047979 0.38823331 0.07885996 0.88335490
1305032226.67673302 -0.32007014 -0.22964204 0.47801610 -0.20304270 0.40672036 0.08179395 0.88693966
1305032227.07559991 -0.31459902 -0.25123615 0.43326985 -0.13764994 0.37119146 0.10679934 0.91206540
1305032227.20779300 -0.34026698 -0.26249573 0.43736899 -0.13072309 0.40597063 0.04741395 0.90324484
1305032227.20779300 -0.34026698 -0.26249573 0.43736899 -0.13072309 0.40597063 0.04741395 0.90324484
1305032227.54360795 -0.42714441 -0.26391380 0.38417317 -0.12836428 0.46375169 0.01629599 0.87646530
