1305031452.79171991 0.00000000 0.00000000 0.00000000 0.00000000 0.00000000 0.00000000 1.00000000
1305031453.05975389 0.01133182 0.03904977 -0.01088154 0.01313410 0.06455661 0.04832750 0.99665661
1305031453.22368908 0.00544943 0.06647440 -0.02866626 0.02433979 0.13223313 0.05080260 0.98961663
1305031453.45968509 0.00354718 0.10512613 -0.08048274 0.04405434 0.19177168 0.10594872 0.97470904
1305031453.82777309 -0.09036866 0.18175069 -0.19849864 0.11228410 0.17530439 0.09702290 0.97326626
1305031453.95964098 -0.14313595 0.20090094 -0.20952153 0.11001520 0.11430001 0.07048477 0.98481676
1305031454.12770104 -0.20373497 0.20204470 -0.20731839 0.10841737 0.05678448 0.00666065 0.99245999
1305031454.25962710 -0.24841395 0.19967918 -0.19758603 0.10551383 -0.00249015 -0.05912690 0.99265535
1305031454.42746496 -0.30153482 0.20559966 -0.18844158 0.10476371 -0.04750077 -0.13108635 0.98467488
1305031454.62757993 -0.32902810 0.24464286 -0.19015848 0.09364960 -0.10095279 -0.22591448 0.96436556
1305031454.82756996 -0.31128296 0.28825795 -0.18997336 0.06932464 -0.15921127 -0.22601241 0.95852191
1305031455.42764211 -0.44140061 0.41546278 -0.19592874 0.01920250 -0.07542650 -0.10273723 0.99165880
1305031456.39161897 -0.84478069 0.28290010 -0.26536177 -0.00420491 0.10765814 -0.02642747 0.99382777
1305031457.09165502 -1.04114326 0.28910237 -0.03773228 -0.04767461 0.17516687 0.11567730 0.97655643
1305031457.92763305 -1.37430685 0.10719794 -0.06026050 0.01749031 0.33230742 0.19316811 0.92301243
1305031458.32762790 -1.48699086 -0.00021781 0.08740538 0.04617574 0.35533376 0.20434811 0.91095969
1305031458.55962801 -1.50097349 -0.01319783 0.20421530 0.13393735 0.39396867 0.19690266 0.88773803
1305031458.55962801 -1.50097349 -0.01319783 0.20421530 0.13393735 0.39396867 0.19690266 0.88773803
1305031458.82756400 -1.47377411 0.02725572 0.34495337 0.13628182 0.33419888 0.14844739 0.92070720
1305031459.12761807 -1.51110391 -0.05946313 0.46419485 0.18057195 0.31378196 0.17512658 0.91556831
1305031459.22760701 -1.53959202 -0.06719026 0.49539285 0.20733532 0.26334402 0.18534344 0.92374769
1305031459.39166689 -1.56580498 -0.03505872 0.55220946 0.22103604 0.33151342 0.26356808 0.87850657
1305031459.45967889 -1.59384848 -0.03428911 0.56862998 0.21681965 0.39144779 0.33895136 0.82756864
1305031459.55964708 -1.61859083 -0.04059008 0.61368500 0.20689649 0.43538899 0.42796163 0.76451233
1305031460.09171700 -1.68177823 -0.25998112 0.76781480 0.17559368 0.46605649 0.48963423 0.71569304
1305031461.22760701 -1.48541174 -0.57906611 0.90425949 0.09382200 0.57830008 0.54984861 0.59534273
1305031461.89172292 -1.45788158 -0.51425785 0.87061378 0.06311457 0.60195924 0.56486446 0.56088302
1305031462.12773895 -1.49765788 -0.43927402 0.87238168 0.05728590 0.57600137 0.62436973 0.52450279
1305031462.39169502 -1.53464554 -0.39258972 0.90320773 0.01011459 0.55150888 0.62957530 0.54714769
1305031462.72765207 -1.61644516 -0.35387280 0.92991912 -0.03601221 0.50961129 0.58131981 0.63329830
1305031463.49562907 -1.78360394 -0.14783773 0.68163245 0.00070119 0.45760145 0.45905073 0.76149383
1305031463.72758794 -1.75436009 -0.08874311 0.57401868 0.01195366 0.45624415 0.44661633 0.76956627
1305031464.02770305 -1.74077972 -0.08307876 0.38221761 0.01664298 0.45931691 0.37607338 0.80456187
1305031464.29566693 -1.74847244 -0.10829462 0.25228715 0.05696395 0.41996894 0.33030604 0.84337365
1305031464.29566693 -1.74847244 -0.10829462 0.25228715 0.05696395 0.41996894 0.33030604 0.84337365
1305031464.65974903 -1.68540440 -0.10785284 0.01643100 0.06455914 0.40667688 0.23188379 0.88129220
1305031464.82775903 -1.68667780 -0.12022603 -0.02418586 0.09903632 0.41779053 0.13545578 0.89291355
1305031465.05974889 -1.58727595 -0.09236912 -0.05227565 0.09396317 0.35891529 0.00205050 0.92862615
1305031465.19556403 -1.51219449 -0.02533974 -0.02626730 0.04489766 0.30556494 -0.03367705 0.95051571
1305031465.35994792 -1.41043263 0.03518312 -0.00585930 0.02294787 0.24251492 0.00041738 0.96987614
1305031465.92749500 -1.08382627 0.36625104 -0.16274070 0.14988314 0.11396438 0.10860703 0.97609000
1305031466.19583297 -1.01878824 0.55486600 -0.22510106 0.15911520 0.10718913 0.10776828 0.97548903
1305031466.52753806 -0.90655582 0.66319395 -0.36333101 0.13185282 0.10377547 0.05983285 0.98400483
1305031467.25969410 -0.59073820 0.80726429 -0.53352377 0.12601971 0.01555024 -0.04613692 0.99083228
1305031468.15986395 -0.25897881 0.70977616 -0.48061153 0.16915704 -0.11230734 -0.12100079 0.97166443
1305031468.79579592 -0.16905152 0.35624449 -0.42552317 0.14675082 -0.12914109 -0.15334978 0.96864370
1305031469.22775412 -0.19952117 0.24076864 -0.35140799 0.03584483 -0.07413875 -0.20478595 0.97533651
1305031469.55964494 -0.20980776 0.25331831 -0.23130109 -0.00433341 -0.02010129 -0.23187931 0.97252720
1305031469.79562092 -0.22161483 0.30808949 -0.12928358 -0.04869316 -0.00427338 -0.21351499 0.97571618
1305031469.99555111 -0.27039288 0.37903882 -0.06290628 -0.07040261 -0.01202792 -0.19501593 0.97819609
1305031470.19609189 -0.34468212 0.45054426 -0.03596278 -0.08214425 -0.01288135 -0.18167072 0.97983781
1305031470.19609189 -0.34468212 0.45054426 -0.03596278 -0.08214425 -0.01288135 -0.18167072 0.97983781
1305031470.35962391 -0.40920910 0.49751948 -0.02209240 -0.10754794 -0.01205583 -0.16012340 0.98114657
1305031470.55967689 -0.48681456 0.53716512 -0.01351967 -0.11200951 -0.01655311 -0.15299512 0.98171908
1305031470.92768407 -0.59410350 0.55540677 -0.00298198 -0.10731011 -0.00882511 -0.10616051 0.98850220
1305031471.15964890 -0.64857218 0.53883464 -0.00473196 -0.05392729 -0.00219180 -0.07977861 0.99535040
1305031472.82762694 -0.76247531 0.50757673 -0.01860769 -0.02274421 0.12913684 0.07182715 0.98876046
