0.00000000 0.00000000 0.00000000 0.00000000 0.00000000 0.00000000 0.00000000 1.00000000
51.00000000 0.00676764 -0.01160180 0.18256295 -0.06140825 -0.01946528 0.04406111 0.99694972
95.00000000 0.12013186 0.00311224 0.47427139 -0.12972513 -0.01469946 0.08713048 0.98760498
142.00000000 0.07392970 0.01249837 0.76224634 -0.23931890 -0.01328319 0.08534945 0.96709125
196.00000000 0.16233236 0.04678202 0.95380704 -0.31242800 -0.06169486 -0.02937795 0.94748057
292.00000000 0.48754428 0.00313773 0.97544587 -0.23712373 -0.39381137 -0.32961397 0.82464512
328.00000000 0.65573390 -0.05603491 0.83525845 -0.13012466 -0.35929199 -0.31542412 0.86861065
340.00000000 0.62357956 -0.06921401 0.73345275 -0.08276986 -0.34994482 -0.27659886 0.89116825
362.00000000 0.69324973 -0.06194607 0.51767724 0.01169501 -0.27809810 -0.28802623 0.91627810
374.00000000 0.71028787 -0.05287130 0.40473094 0.04276740 -0.20631035 -0.23535641 0.94879626
419.00000000 0.82411174 -0.04080775 0.25593280 -0.00289711 -0.29290299 -0.15682452 0.94318901
451.00000000 0.83972200 -0.02321496 0.39340578 -0.02709236 -0.25508610 -0.18507502 0.94865395
499.00000000 0.79084947 0.00009836 0.88496104 -0.01595787 -0.39780867 -0.13671233 0.90708508
507.00000000 0.77943740 -0.00796098 0.93659024 0.00874106 -0.47539763 -0.12703190 0.87050766
523.00000000 0.71356117 -0.05326492 1.04585359 0.02640663 -0.54315520 -0.14280048 0.82697832
571.00000000 0.50937192 -0.05107021 1.04896039 -0.00420405 -0.39305109 -0.12974442 0.91030739
595.00000000 0.32854388 -0.02937047 1.01533460 -0.04848646 -0.25493432 -0.11273764 0.95913908
595.00000000 0.32854388 -0.02937047 1.01533460 -0.04848646 -0.25493432 -0.11273764 0.95913908
621.00000000 0.18257338 -0.01584997 0.99742219 -0.07667761 -0.11217492 -0.07860777 0.98760222
640.00000000 0.09775660 -0.04048561 1.02247011 -0.07049569 0.00911391 -0.01774255 0.99731264
652.00000000 0.06314745 -0.04498184 1.02922583 -0.06370805 0.11047725 0.01727905 0.99168417
662.00000000 0.01836287 -0.05278452 1.01379317 -0.03311412 0.18857921 0.01687141 0.98135452
683.00000000 -0.08416885 -0.05923126 1.01086832 -0.00405552 0.27749300 0.00598855 0.96070044
746.00000000 -0.20831110 -0.03202000 1.25545355 -0.05571510 0.29263301 0.08588776 0.95072869
768.00000000 -0.19602343 -0.01957660 1.34734164 -0.11071700 0.25338518 0.05578682 0.95938810
830.00000000 -0.17891939 -0.02343870 1.38702611 -0.13181608 0.33100456 0.05725162 0.93262144
839.00000000 -0.17974802 -0.01290124 1.36115030 -0.14998076 0.37430024 0.07123243 0.91232179
855.00000000 -0.16339950 0.00146583 1.31323029 -0.17064933 0.40116446 0.11062788 0.89314464
895.00000000 -0.16008516 0.05968128 1.18285888 -0.16550413 0.39498992 0.15243028 0.89070554
994.00000000 -0.12899317 0.15777897 0.88954863 -0.16222987 0.14934531 0.06482033 0.97322956
