0.00000000 0.00000000 0.00000000 0.00000000 0.00000000 0.00000000 0.00000000 1.00000000
36.00000000 -0.26704540 -0.01862670 0.01163417 -0.00593406 0.05377422 0.01230963 0.99845961
80.00000000 -0.48196198 -0.20624252 0.21059091 -0.02395797 0.18744124 0.13384663 0.97281904
95.00000000 -0.52722665 -0.31493946 0.29957453 -0.01093209 0.28592520 0.19124177 0.93891099
109.00000000 -0.57962334 -0.43156904 0.33105549 0.01832844 0.36517380 0.24938331 0.89672746
118.00000000 -0.62887258 -0.50147998 0.33507837 0.04186356 0.35769015 0.22356722 0.90571679
126.00000000 -0.66809673 -0.52421077 0.32738381 0.04448164 0.30465817 0.17643772 0.93491952
134.00000000 -0.69019497 -0.52159492 0.31654755 0.04928015 0.24817324 0.13398165 0.95813904
145.00000000 -0.68952609 -0.49847222 0.25783639 0.05856104 0.18019220 0.08431970 0.97825946
155.00000000 -0.66488769 -0.42842856 0.18913190 0.05321046 0.10895823 0.03829018 0.99188236
162.00000000 -0.65503189 -0.37174333 0.15484608 0.03807717 0.05230199 0.00562255 0.99788928
185.00000000 -0.69547634 -0.27761932 0.10020631 0.02754896 0.00089993 -0.03158547 0.99912092
197.00000000 -0.67025631 -0.20881374 0.05961415 -0.00884188 -0.01737099 -0.03872373 0.99905983
209.00000000 -0.61416573 -0.16884216 0.02153263 -0.04211953 -0.00583577 -0.03378231 0.99852423
217.00000000 -0.51817127 -0.15967811 -0.01169941 -0.06872198 0.00180495 -0.03743581 0.99693159
229.00000000 -0.37970049 -0.15402599 -0.04843319 -0.09468368 0.00686601 -0.04915732 0.99426929
243.00000000 -0.22237260 -0.16822417 -0.03880414 -0.10801347 0.01702496 -0.02356257 0.99372433
243.00000000 -0.22139749 -0.16842355 -0.03866737 -0.10794377 0.01696512 -0.02374976 0.99372847
257.00000000 -0.08848759 -0.21263385 0.00838375 -0.12448140 0.03263486 -0.01195839 0.99161300
278.00000000 0.08959993 -0.29024111 0.07365871 -0.12758420 0.02282708 -0.01816429 0.99139864
301.00000000 0.35191875 -0.34050532 0.11209182 -0.09788449 -0.05168164 -0.05132217 0.99252893
344.00000000 0.73636587 -0.41773338 0.23428403 -0.08612887 -0.20594452 -0.11236142 0.96826834
367.00000000 0.91977879 -0.48307537 0.26470929 -0.08530569 -0.37535739 -0.30109728 0.87245068
407.00000000 1.41503684 -0.49531515 0.17159328 -0.04429871 -0.43157418 -0.32371047 0.84082869
432.00000000 1.72728378 -0.60937627 0.25672371 -0.02051493 -0.44320593 -0.31403077 0.83936424
474.00000000 1.55157169 -0.89886037 0.60784205 -0.08989457 -0.46996879 -0.41103636 0.77594936
486.00000000 1.34229892 -0.96687069 0.64770924 -0.09662090 -0.47052121 -0.42463931 0.76743446
499.00000000 1.13051139 -0.97243138 0.71104112 -0.09583870 -0.48039150 -0.38342333 0.78295945
532.00000000 0.80985695 -0.83693818 0.66821545 -0.15130076 -0.38201115 -0.29579432 0.86236957
555.00000000 0.61047069 -0.72648366 0.56443364 -0.13240980 -0.37258355 -0.27665698 0.87584819
565.00000000 0.48884584 -0.68226161 0.51910814 -0.12241489 -0.40379367 -0.28958679 0.85913023
579.00000000 0.38829903 -0.64739559 0.45453904 -0.09707175 -0.44079721 -0.31401211 0.83526720
594.00000000 0.44892864 -0.61497821 0.33948029 -0.04087536 -0.44253507 -0.27453210 0.85271569
618.00000000 0.72487795 -0.58308410 0.23016907 -0.00650954 -0.34649635 -0.22637959 0.91030225
618.00000000 0.72500826 -0.58312278 0.23003695 -0.00640916 -0.34649747 -0.22665592 0.91023377
635.00000000 0.92700295 -0.55638891 0.19816171 -0.01089723 -0.30398971 -0.20056829 0.93125929
655.00000000 1.09809585 -0.50031674 0.10771294 -0.02583120 -0.26833060 -0.18670594 0.94470754
669.00000000 1.20588097 -0.41456967 0.01234196 -0.03980846 -0.22737080 -0.18089936 0.95602993
698.00000000 1.39136070 -0.38237011 0.13783150 -0.06286055 -0.29519387 -0.25989437 0.91725899
738.00000000 1.21188295 -0.28844509 0.40513298 -0.06559623 -0.36838565 -0.36754149 0.85141200
757.00000000 1.06867398 -0.27321461 0.44070131 -0.06449806 -0.42075795 -0.39555298 0.81384310
782.00000000 0.93726947 -0.35629220 0.50438140 -0.05609676 -0.47512139 -0.41303445 0.77492926
804.00000000 0.97230093 -0.47968510 0.53277281 -0.04651749 -0.45767951 -0.38083300 0.80207968
820.00000000 1.12048868 -0.56167727 0.51913595 -0.07253438 -0.43605626 -0.36298455 0.82026576
844.00000000 1.34382492 -0.67343014 0.52770152 -0.08124206 -0.43122434 -0.37474831 0.81670619
858.00000000 1.49839494 -0.76639657 0.51490827 -0.00861534 -0.48051755 -0.35078209 0.80372917
871.00000000 1.57581167 -0.83482754 0.45235340 0.04393080 -0.51620021 -0.32617257 0.79070783
885.00000000 1.45933781 -0.84065342 0.39188251 0.05879460 -0.54942437 -0.34662505 0.75797568
899.00000000 1.14871756 -0.78208918 0.34251367 0.02665482 -0.55529457 -0.35656334 0.75086620
918.00000000 0.73055911 -0.72281163 0.38581894 -0.00023589 -0.53177505 -0.34970298 0.77131256
956.00000000 0.14832536 -0.52939004 0.27315336 -0.03510396 -0.43391504 -0.32171250 0.84082490
956.00000000 0.14782338 -0.52930127 0.27297459 -0.03502830 -0.43379641 -0.32181583 0.84084973
984.00000000 -0.15089253 -0.48402674 0.29111151 -0.05401218 -0.39913400 -0.29838268 0.86529909
