0.00000000 0.00000000 0.00000000 0.00000000 0.00000000 0.00000000 0.00000000 1.00000000
38.00000000 -0.29961229 -0.11184228 0.35387176 -0.03908825 0.09434712 0.06608526 0.99257416
57.00000000 -0.42907813 -0.21012666 0.48912891 0.00128847 0.17381606 0.10600754 0.97905501
67.00000000 -0.45825818 -0.27736003 0.48940532 0.03055008 0.24179465 0.15864036 0.95678382
75.00000000 -0.44249565 -0.32221158 0.45286333 0.04015812 0.29167485 0.20074064 0.93435341
83.00000000 -0.37181110 -0.33303059 0.41396911 0.03950883 0.31462192 0.28790486 0.90363869
94.00000000 -0.24792590 -0.31927725 0.39490818 0.03207463 0.32956372 0.35371343 0.87478328
107.00000000 -0.13779002 -0.24454066 0.37547146 0.01699872 0.34617512 0.35117422 0.86979911
123.00000000 -0.06071420 -0.17810560 0.25264276 -0.00409493 0.32722222 0.28084361 0.90223928
152.00000000 0.11675987 -0.08396985 -0.03401590 -0.03161356 0.21840419 0.22165147 0.94982673
163.00000000 0.25176495 -0.04158601 -0.09199771 -0.02453387 0.23398302 0.19398255 0.95237640
171.00000000 0.36374702 -0.00181596 -0.10436817 -0.01122826 0.28327101 0.18436121 0.94108576
179.00000000 0.46973734 0.02824797 -0.11110716 0.01636300 0.32819318 0.19738227 0.92361341
186.00000000 0.55459619 0.03545692 -0.10645423 0.02857996 0.37325685 0.19411538 0.90674237
192.00000000 0.60683038 0.03528574 -0.11679395 0.04393647 0.41490128 0.19346772 0.88797340
198.00000000 0.65501685 0.03663750 -0.15118230 0.05352534 0.46446132 0.21023661 0.85861009
204.00000000 0.69284193 0.03640413 -0.20090738 0.06426759 0.50317021 0.23386707 0.82945501
204.00000000 0.69269780 0.03668514 -0.20108879 0.06422873 0.50314428 0.23380942 0.82949000
249.00000000 0.78285794 0.16229805 -0.54833884 0.11161507 0.38692830 0.20343914 0.89243548
274.00000000 0.99497243 0.23463800 -0.74836898 0.12126656 0.25193248 0.14157024 0.94962220
308.00000000 1.48299002 0.24429901 -0.88573500 0.08334770 0.07759254 0.01939307 0.99330583
331.00000000 1.73641050 0.14492793 -0.91488572 0.05503395 -0.07037715 -0.10455106 0.99049856
362.00000000 1.78882420 -0.20599890 -0.77334772 -0.10168898 -0.11604772 -0.18732359 0.97010420
379.00000000 1.56310290 -0.35986897 -0.78403450 -0.16490062 0.00372209 -0.10435427 0.98076711
393.00000000 1.26344566 -0.42454773 -0.86144159 -0.14047241 0.11122554 -0.04169976 0.98293312
404.00000000 1.02276416 -0.37341401 -0.90253111 -0.06086195 0.15448286 0.02723904 0.98574282
462.00000000 0.71737678 0.25583727 -0.70836859 0.09236257 0.26394515 0.08296170 0.95651423
479.00000000 0.55448830 0.33735872 -0.57723136 0.09671092 0.26212186 0.06510129 0.95796709
493.00000000 0.39850958 0.38350924 -0.45323318 0.08280329 0.26481411 0.05337341 0.95925408
501.00000000 0.29997687 0.39574960 -0.36531840 0.06723931 0.24775952 0.04110783 0.96561081
510.00000000 0.17491219 0.38938592 -0.27946652 0.06026436 0.22286873 0.02522110 0.97265700
521.00000000 0.05954779 0.37065964 -0.21498143 0.05344263 0.19382771 0.00838597 0.97954294
533.00000000 -0.06323644 0.33962688 -0.18254645 0.05557664 0.16315154 -0.00057544 0.98503425
541.00000000 -0.16381844 0.31955091 -0.19404739 0.07703041 0.13468776 -0.00524304 0.98787552
541.00000000 -0.16400670 0.31989818 -0.19426450 0.07696751 0.13472917 -0.00541634 0.98787384
551.00000000 -0.25887220 0.32435466 -0.19929206 0.11747270 0.11318757 -0.00967789 0.98655718
576.00000000 -0.36835478 0.54416669 -0.25614127 0.14465834 0.08085554 -0.02486453 0.98585907
593.00000000 -0.32230542 0.76430616 -0.24162587 0.15433256 0.07149279 -0.07151669 0.98283040
607.00000000 -0.25178880 0.86882879 -0.24687998 0.13736687 0.06907394 -0.07698611 0.98510521
614.00000000 -0.18506792 0.89455535 -0.23475604 0.13235722 0.10280528 -0.06641006 0.98361697
624.00000000 -0.08045164 0.90280698 -0.21989213 0.13661828 0.14781311 -0.05414868 0.97803612
632.00000000 -0.00225566 0.89028075 -0.23617616 0.13567242 0.18963227 -0.03687538 0.97173700
642.00000000 0.07888941 0.87397290 -0.29213645 0.13199895 0.23889714 -0.00591969 0.96201320
650.00000000 0.15246075 0.85444569 -0.30919873 0.13182566 0.28693612 0.02444292 0.94852106
660.00000000 0.23549234 0.84214094 -0.34869921 0.12551513 0.33348680 0.06424067 0.93215108
668.00000000 0.29251299 0.83414688 -0.40489487 0.10383478 0.36903627 0.09535436 0.91866104
677.00000000 0.36653605 0.83737050 -0.49152389 0.06884286 0.37929370 0.12441241 0.91428579
703.00000000 0.61623315 0.66188171 -0.57956045 0.05995817 0.32604258 0.09439589 0.93871757
713.00000000 0.65201623 0.52839186 -0.51121185 0.07988880 0.33135175 0.07427719 0.93718019
729.00000000 0.64957963 0.35480628 -0.26658083 0.10063087 0.43337683 0.14530449 0.88371067
743.00000000 0.65379893 0.22252925 -0.07403340 0.12807974 0.52840099 0.21834089 0.81037969
743.00000000 0.65360130 0.22307794 -0.07380798 0.12808419 0.52839606 0.21831297 0.81038971
780.00000000 0.46379896 0.05591207 0.16638888 0.15466015 0.59634819 0.25321519 0.74587609
788.00000000 0.39156075 0.04107237 0.18162160 0.15777482 0.54577558 0.21491665 0.79438464
795.00000000 0.31838813 0.04364134 0.18281607 0.15403196 0.49207091 0.17511257 0.83873474
804.00000000 0.25582171 0.05741288 0.17538004 0.14664881 0.43103285 0.13048883 0.88072554
813.00000000 0.17333738 0.07022335 0.16144694 0.14237908 0.36449257 0.09308443 0.91553736
825.00000000 0.08869995 0.08321639 0.14995783 0.13837548 0.29313581 0.05639891 0.94432134
834.00000000 0.01974591 0.09651723 0.13916260 0.13313817 0.23545647 0.02645745 0.96235881
844.00000000 -0.07238041 0.12654213 0.13561080 0.13317480 0.19256678 0.00788692 0.97217298
859.00000000 -0.23653363 0.13809824 0.17942490 0.14327981 0.17065167 0.01030869 0.97480390
884.00000000 -0.43988275 0.13308575 0.25779207 0.16382407 0.18909785 0.00304830 0.96819130
910.00000000 -0.69256952 0.11621425 0.35572310 0.17604449 0.21546051 0.03244992 0.95996464
956.00000000 -1.10520886 -0.05414205 0.68163196 0.17985358 0.34976302 0.12058964 0.91146951
968.00000000 -1.17272113 -0.04296632 0.62054806 0.14610375 0.34761903 0.19792263 0.90478801
