0.00000000 0.00000000 0.00000000 0.00000000 0.00000000 0.00000000 0.00000000 1.00000000
128.00000000 0.54903383 -0.30048447 0.22611598 -0.11517409 -0.20140836 -0.08722976 0.96879336
147.00000000 0.73130828 -0.33382399 0.26935215 -0.12381199 -0.32399234 -0.14324659 0.92691961
184.00000000 1.04994521 -0.42989388 0.52875644 -0.16027095 -0.39888349 -0.16820493 0.88708077
220.00000000 1.09413122 -0.54866315 0.88450339 -0.18411312 -0.51461210 -0.21953681 0.80813386
231.00000000 0.98069765 -0.57635111 0.93570281 -0.17868798 -0.56256895 -0.22790302 0.77436877
242.00000000 0.82094373 -0.56685549 0.96752177 -0.18928678 -0.62498106 -0.23633409 0.71952442
252.00000000 0.67558444 -0.56142959 0.97039464 0.18363327 0.67710750 0.23790002 -0.67172006
258.00000000 0.59075068 -0.56518751 0.96175075 0.16845529 0.71602454 0.22888597 -0.63760716
266.00000000 0.47752301 -0.53918986 0.92501651 0.17276782 0.75732704 0.23969043 -0.58237061
289.00000000 0.25336245 -0.46454260 0.73663451 0.18596806 0.77494048 0.24887420 -0.55040418
353.00000000 0.07376127 -0.28312669 0.20698365 -0.17849334 -0.61547938 -0.21879065 0.73583687
364.00000000 0.01776617 -0.27629417 0.21945807 -0.16306433 -0.57787187 -0.19618006 0.77523384
375.00000000 -0.04105791 -0.28071388 0.25366615 -0.14168484 -0.55657524 -0.16694258 0.80142347
387.00000000 -0.04547441 -0.27367588 0.25251714 -0.12461071 -0.49702386 -0.14777459 0.84593269
398.00000000 -0.02402133 -0.27716410 0.18920950 -0.08652443 -0.44615925 -0.10678303 0.88433751
410.00000000 0.06878924 -0.28838246 0.14157545 -0.06621023 -0.38970840 -0.07560769 0.91543817
410.00000000 0.06948814 -0.28958472 0.14038439 -0.06666626 -0.38982050 -0.07539544 0.91537485
420.00000000 0.13410965 -0.29253619 0.13653034 -0.06844312 -0.32971011 -0.06526057 0.93933372
432.00000000 0.19765689 -0.28956942 0.15729862 -0.07824529 -0.27434727 -0.05342988 0.95695167
442.00000000 0.25717177 -0.28460376 0.18167607 -0.09430439 -0.22612113 -0.03326422 0.96895274
452.00000000 0.30886202 -0.27333147 0.19289181 -0.10640882 -0.17148130 -0.02280177 0.97915852
460.00000000 0.34104967 -0.27141347 0.18463796 -0.10408509 -0.11049627 0.00005154 0.98841128
470.00000000 0.37011493 -0.26608070 0.16569585 -0.10657929 -0.03483758 0.02767631 0.99330822
480.00000000 0.39629889 -0.26163239 0.14599133 -0.10151191 0.02745108 0.03811787 0.99372471
491.00000000 0.42919976 -0.25933019 0.11984490 -0.09999553 0.09496039 0.05134086 0.98911452
500.00000000 0.45505583 -0.25584718 0.09184244 -0.09194835 0.16672004 0.07164655 0.97908973
512.00000000 0.49361974 -0.25356588 0.06418447 -0.08727482 0.23959236 0.09374042 0.96238835
526.00000000 0.60101396 -0.26745478 0.10253153 -0.07407281 0.30481130 0.12056862 0.94184208
543.00000000 0.72963642 -0.30373277 0.15978399 -0.06773243 0.35402547 0.11659633 0.92546398
554.00000000 0.79687250 -0.33673785 0.19715461 -0.06300189 0.40924642 0.11464174 0.90299801
579.00000000 0.90460041 -0.48008027 0.24274484 -0.17526031 0.35900894 0.13808924 0.90627135
590.00000000 1.03139940 -0.52134777 0.22743428 -0.19319896 0.28704495 0.09348502 0.93356302
602.00000000 1.11967670 -0.54993223 0.26215613 -0.18658229 0.21044697 0.07625759 0.95660018
602.00000000 1.12034595 -0.55102547 0.26106727 -0.18717105 0.20999180 0.07657436 0.95655988
610.00000000 1.11797757 -0.56666580 0.31929742 -0.17079001 0.16149924 0.06250125 0.96997029
620.00000000 1.07888963 -0.58621148 0.39162951 -0.15851743 0.12722644 0.05031591 0.97783126
630.00000000 1.02241097 -0.59666957 0.46878935 -0.13439979 0.09474902 0.04445445 0.98538476
639.00000000 0.95518682 -0.58660549 0.55009492 -0.09738249 0.08488820 0.04865924 0.99042563
653.00000000 0.86826229 -0.57333257 0.63132878 -0.05442252 0.08541993 0.05854491 0.99313348
673.00000000 0.75783030 -0.58747360 0.74020850 0.01724904 0.13554268 0.07039486 0.98811700
727.00000000 0.73248723 -0.57684266 0.67767176 -0.03906819 0.10192236 0.03118532 0.99353560
732.00000000 0.75066500 -0.56607795 0.65811008 -0.06803014 0.05314076 0.00726516 0.99624052
738.00000000 0.77657525 -0.56216657 0.64982792 -0.09849803 -0.01753016 -0.01809711 0.99481824
745.00000000 0.79464830 -0.55208638 0.66722545 -0.13275877 -0.07998963 -0.03240594 0.98738373
758.00000000 0.85582461 -0.55102070 0.73565578 -0.16569841 -0.17696991 -0.07219068 0.96747827
769.00000000 0.89196231 -0.55644939 0.78854451 -0.19336016 -0.27070356 -0.12396163 0.93486092
780.00000000 0.91080300 -0.57027470 0.81889428 -0.21814928 -0.34560250 -0.16243583 0.89810044
791.00000000 0.90570847 -0.58609587 0.87105598 -0.24166723 -0.42100749 -0.19098515 0.85315550
813.00000000 0.85065604 -0.68635844 0.98690741 -0.25330002 -0.49726551 -0.29126637 0.77700065
840.00000000 0.89002700 -0.74853485 1.13962481 -0.21007572 -0.60927229 -0.29865387 0.70389014
840.00000000 0.88999277 -0.74913916 1.14047490 -0.21104493 -0.61014438 -0.29816495 0.70305159
847.00000000 0.88720461 -0.72409010 1.16157045 -0.20222418 -0.65589442 -0.27137373 0.67473269
863.00000000 0.92057845 -0.61749041 1.09023152 -0.17357077 -0.67432234 -0.20094067 0.68904675
871.00000000 0.91823015 -0.55831140 1.00706056 0.18778033 0.70141534 0.18299736 -0.66277223
894.00000000 0.99401975 -0.42830075 0.80091506 -0.16516216 -0.62199603 -0.15569418 0.74940091
907.00000000 1.01746934 -0.35583069 0.69597352 -0.15766411 -0.53731600 -0.11738885 0.82015450
921.00000000 0.97686275 -0.28123638 0.56355354 -0.13360385 -0.43740191 -0.08532495 0.88518316
940.00000000 0.89034182 -0.18459577 0.43393557 -0.09230772 -0.34535733 -0.05318823 0.93240475
987.00000000 0.60183152 -0.07991896 0.37797753 -0.05940335 -0.34081757 -0.10694497 0.93213594
997.00000000 0.52913725 -0.06685318 0.35814604 -0.06290460 -0.39297631 -0.12792586 0.90843140
