0.00000000 0.00000000 0.00000000 0.00000000 0.00000000 0.00000000 0.00000000 1.00000000
34.00000000 -0.00814909 -0.03766088 0.02589734 0.04822494 0.02685085 0.01916281 0.99829163
49.00000000 0.01565846 -0.08850055 0.06294830 0.09990467 0.03448047 0.02791460 0.99400751
66.00000000 0.06217618 -0.15461292 0.12735133 0.15645858 0.05172226 0.01065716 0.98627174
86.00000000 0.06209047 -0.22343523 0.22000042 0.20124839 0.09328420 0.00918201 0.97504504
250.00000000 0.58552720 -0.49226295 0.79361975 0.23687559 -0.08272002 -0.04021608 0.96717631
265.00000000 0.60751895 -0.48185593 0.78775666 0.24339190 -0.17008916 -0.06849901 0.95243790
285.00000000 0.60163907 -0.47301423 0.77618078 0.24867161 -0.25136899 -0.09297001 0.93076992
299.00000000 0.59077228 -0.47195783 0.76729333 0.24808934 -0.31199369 -0.11054418 0.91043484
313.00000000 0.58450709 -0.46298175 0.76531774 0.24070068 -0.37828265 -0.12707144 0.88477018
326.00000000 0.53876031 -0.47962974 0.77808634 0.26446043 -0.42109195 -0.14597185 0.85523943
339.00000000 0.52616044 -0.49013726 0.78986422 0.25899382 -0.48083302 -0.14499463 0.82504446
345.00000000 0.54812947 -0.50310102 0.81749745 0.26658825 -0.54124055 -0.16078156 0.78111373
351.00000000 0.56556998 -0.50907276 0.84128264 0.26250474 -0.59807918 -0.16824704 0.73829905
356.00000000 0.58336936 -0.51602727 0.85380313 0.25019924 -0.65227762 -0.15941008 0.69751177
362.00000000 0.58622377 -0.50914101 0.85903164 -0.25215470 0.70597988 0.17204790 -0.63906958
377.00000000 0.62200198 -0.49773344 0.87339089 -0.21452188 0.69944157 0.23214994 -0.64099006
377.00000000 0.62178871 -0.49747882 0.87283550 -0.21469589 0.69917426 0.23220577 -0.64120318
387.00000000 0.60828616 -0.46374332 0.84674786 -0.18514173 0.69108697 0.29314222 -0.63418371
407.00000000 0.67093368 -0.40510807 0.77545594 0.15158926 -0.64487791 -0.30802189 0.68284383
433.00000000 0.83520339 -0.44168676 0.86277026 0.12216878 -0.61454314 -0.28967568 0.72353266
446.00000000 0.91724758 -0.45568660 0.88092978 0.13119681 -0.56498144 -0.24537319 0.77677240
454.00000000 0.93145351 -0.49879165 0.91703691 0.17261704 -0.54591187 -0.20598208 0.79357102
460.00000000 0.91936246 -0.51418999 0.90595115 0.20090751 -0.52378512 -0.16699166 0.81080152
480.00000000 0.76635032 -0.53278015 0.87582455 0.20350290 -0.54186565 -0.14156859 0.80307317
540.00000000 0.24449377 -0.51877254 0.77244518 0.18744018 -0.45932990 -0.13900006 0.85706546
652.00000000 -0.28834263 -0.49197222 0.65880358 0.15372921 -0.21422241 -0.07401865 0.96176781
665.00000000 -0.28812405 -0.48587476 0.64915557 0.14763408 -0.13826896 -0.05499356 0.97778402
678.00000000 -0.26589732 -0.48506097 0.65606272 0.13979189 -0.06848024 -0.02560129 0.98747823
689.00000000 -0.24894311 -0.48303577 0.65877274 0.13776087 -0.01184094 -0.00173530 0.99039322
704.00000000 -0.22456839 -0.47961461 0.65589978 0.13860324 0.05083993 0.02015112 0.98883688
718.00000000 -0.21029846 -0.47492175 0.65205576 0.13658082 0.12164370 0.04497309 0.98210280
741.00000000 -0.20737490 -0.45912788 0.61009610 0.19886040 0.15160978 0.04597384 0.96713775
754.00000000 -0.18216122 -0.46174705 0.60229423 0.25773594 0.16922558 0.05298150 0.94980411
754.00000000 -0.18229019 -0.46159344 0.60195895 0.25780587 0.16961917 0.05313665 0.94970626
772.00000000 -0.17777145 -0.47042601 0.61024005 0.31877216 0.17718680 0.02437192 0.93080350
796.00000000 -0.16645848 -0.46538052 0.60133620 0.39840845 0.14949959 0.04631468 0.90375634
823.00000000 -0.17459830 -0.46412474 0.58769292 0.44461412 0.09608429 0.03840661 0.88972525
836.00000000 -0.18290522 -0.46025654 0.57642979 0.46278082 0.02580639 0.03538132 0.88539037
848.00000000 -0.19324595 -0.45418459 0.56820380 0.48622645 -0.03613032 0.02832527 0.87262599
875.00000000 -0.19743769 -0.45562869 0.56287653 0.49304658 -0.11492018 0.02712183 0.86195292
910.00000000 -0.16659087 -0.45815847 0.57558900 0.47165899 -0.18268351 0.02693599 0.86222908
949.00000000 -0.13074417 -0.45376594 0.57860403 0.44777124 -0.26050222 0.00479491 0.85534585
971.00000000 -0.11682448 -0.45113894 0.58005208 0.43606538 -0.32944020 -0.01563787 0.83730018
990.00000000 -0.10985686 -0.44587141 0.58724532 0.40210105 -0.37168308 -0.03287803 0.83611331
