0.00000000 0.00000000 0.00000000 0.00000000 0.00000000 0.00000000 0.00000000 1.00000000
55.00000000 -0.14221539 -0.03196043 0.11768796 -0.00536264 -0.01851244 -0.03452080 0.99921812
64.00000000 -0.21318801 -0.04992345 0.16951689 -0.02456075 -0.03576012 -0.04250867 0.99815379
73.00000000 -0.26728393 -0.06341992 0.20985157 -0.03762454 -0.05451752 -0.05479533 0.99629800
94.00000000 -0.31764975 -0.12091561 0.25470387 -0.02381016 -0.09064006 -0.05389936 0.99413898
110.00000000 -0.32918382 -0.20265837 0.32012548 -0.00632344 -0.13394806 -0.04489559 0.98995066
130.00000000 -0.33118330 -0.29247540 0.39109649 0.00793113 -0.18002131 -0.06909276 0.98120111
146.00000000 -0.28946463 -0.38082921 0.42676027 0.03234787 -0.16408466 -0.07046425 0.98339444
159.00000000 -0.23384498 -0.41433173 0.42986179 0.04170644 -0.10374978 -0.05924742 0.99196084
171.00000000 -0.17824249 -0.43153017 0.42009833 0.04480396 -0.05029563 -0.03696375 0.99704395
184.00000000 -0.11931335 -0.43061810 0.41184630 0.04613813 0.00837371 -0.00576739 0.99888332
197.00000000 -0.06285469 -0.40093563 0.39198693 0.03447273 0.06817807 0.03300958 0.99653086
210.00000000 -0.01700493 -0.36383545 0.36029604 0.02983634 0.10938255 0.06738952 0.99126379
238.00000000 0.08923838 -0.22907924 0.28071593 0.04024742 0.11442270 0.12106203 0.98520636
280.00000000 0.26458480 -0.06532775 0.23936426 0.05628519 0.11961430 0.10635567 0.98550133
308.00000000 0.42507289 0.02877772 0.25088569 0.03183291 0.10160971 0.09710131 0.98956226
363.00000000 0.77235887 0.15971907 0.09875247 0.01724170 0.06648579 0.06501537 0.99551764
363.00000000 0.77167431 0.15979930 0.09834262 0.01720960 0.06661262 0.06481307 0.99552290
379.00000000 0.85932628 0.20722904 0.08567492 -0.01256064 0.08337684 0.07932001 0.99327683
402.00000000 0.99329664 0.17996366 0.07908658 -0.03286138 0.11175115 0.05129236 0.99186738
418.00000000 1.04169304 0.12069032 0.06167601 -0.03302507 0.14710643 0.03158795 0.98806439
438.00000000 1.04531514 0.00965266 0.07410802 -0.00796114 0.13836385 0.02864802 0.98993503
447.00000000 0.99277469 -0.06814675 0.08165529 0.01260160 0.12267462 -0.00827827 0.99233241
458.00000000 0.91784449 -0.12963066 0.09423254 0.03068588 0.09027210 -0.02598401 0.99510510
466.00000000 0.81995622 -0.15143079 0.09630078 0.04905555 0.05386195 -0.03147274 0.99684598
477.00000000 0.71448229 -0.14916551 0.11342549 0.05275584 -0.00845611 -0.03435667 0.99798043
515.00000000 0.53060368 -0.14719108 0.21746232 -0.00291019 0.00656535 0.07069293 0.99747227
564.00000000 0.38371952 -0.20628986 0.38195834 0.00506031 -0.01598104 0.09548050 0.99529015
579.00000000 0.31607449 -0.25485631 0.45660247 0.02388240 -0.04873735 0.07244240 0.99589477
619.00000000 0.08097921 -0.30380474 0.49977723 0.00713357 -0.02880836 0.08526284 0.99591638
631.00000000 0.02268534 -0.30148579 0.48941540 0.01055525 -0.08167524 0.07503496 0.99377437
679.00000000 -0.18700139 -0.40028694 0.63545404 -0.01646329 -0.04049906 0.10201265 0.99382202
717.00000000 -0.11856694 -0.44232109 0.76349032 -0.03756175 -0.00813475 0.15428247 0.98727902
736.00000000 -0.07910266 -0.46277114 0.79090692 -0.06529816 0.06132847 0.17548706 0.98039750
736.00000000 -0.07958362 -0.46271283 0.79062587 -0.06546711 0.06171245 0.17546295 0.98036645
750.00000000 -0.03806818 -0.47235105 0.79704484 -0.06815472 0.12341594 0.20485033 0.96858649
776.00000000 -0.00643526 -0.47659548 0.79102784 -0.06139816 0.19958751 0.24376512 0.94708693
791.00000000 0.00983147 -0.46458152 0.76931162 -0.05725949 0.26445698 0.26417912 0.92573930
804.00000000 0.02695160 -0.44833326 0.75071557 -0.06207338 0.32178734 0.29176265 0.89859577
820.00000000 0.04407267 -0.43171723 0.73076587 -0.07570094 0.37719853 0.31465111 0.86774727
837.00000000 0.04439785 -0.43526549 0.69496825 -0.05441841 0.43176324 0.32166173 0.84092382
857.00000000 0.01166221 -0.47187929 0.64533128 0.00289921 0.45767028 0.27616521 0.84514040
898.00000000 0.00228274 -0.38216680 0.50507940 0.00771481 0.35425748 0.24230992 0.90317663
948.00000000 0.13263461 -0.16730089 0.24234676 0.03473011 0.21449261 0.21729399 0.95161445
987.00000000 0.22846690 -0.04474209 0.11138781 0.02501493 0.11933673 0.18126188 0.97584688
