0.00000000 0.00000000 0.00000000 0.00000000 0.00000000 0.00000000 0.00000000 1.00000000
33.00000000 0.01840213 -0.00509145 0.00979380 -0.00419446 0.04300536 0.02791330 0.99867602
45.00000000 0.04314094 -0.01713323 0.01835405 0.01184287 0.09717328 0.06168539 0.99328345
58.00000000 0.07412966 -0.02698043 0.02837048 0.02011071 0.15925964 0.10415146 0.98152147
70.00000000 0.11470120 -0.03575981 0.03419256 0.02843963 0.21085469 0.14468667 0.96633185
88.00000000 0.22286708 -0.07759287 0.03651239 0.05322113 0.23206052 0.17396730 0.95553692
127.00000000 0.43557462 -0.24376153 0.18562213 0.02999823 0.15426856 0.13768802 0.97792808
140.00000000 0.51247403 -0.28852573 0.19646167 0.01217308 0.06591563 0.08062621 0.99448799
175.00000000 0.55926469 -0.40473102 0.31271479 0.01585893 0.03109120 0.03170753 0.99888761
223.00000000 0.66959332 -0.54131167 0.38162369 0.04050088 -0.01844919 -0.00537156 0.99899472
264.00000000 0.61932336 -0.69778583 0.49592358 0.06331993 -0.00219632 -0.01694219 0.99784704
448.00000000 0.55841907 -1.14887614 0.98186468 0.12656719 -0.06073898 -0.03424368 0.98950437
463.00000000 0.47339210 -1.20183524 1.02383655 0.15298143 -0.05722569 -0.03845982 0.98582085
481.00000000 0.43347321 -1.25251178 1.02007232 0.16875094 -0.06503462 -0.05012830 0.98223255
