1305033527.67003393 0.00000000 0.00000000 0.00000000 0.00000000 0.00000000 0.00000000 1.00000000
1305033527.93392897 -0.00410858 0.04124374 -0.03894147 -0.02731370 0.01804515 0.01539751 0.99934541
1305033529.23393297 0.14811392 -0.22486469 0.29867128 -0.00678625 0.00613681 0.01804568 0.99979530
1305033529.80190396 0.17702891 -0.43736233 0.54015674 0.01868018 0.02280207 0.02115338 0.99934161
1305033530.50317597 0.25758879 -0.69099206 0.90267249 0.01790466 0.00380347 0.01379815 0.99973725
1305033530.96991801 0.30577145 -0.85792771 1.10681516 0.03081493 -0.00273992 -0.00250496 0.99951821
1305033531.80270100 0.25390974 -0.78619356 1.01793293 0.02056566 0.05301654 0.04223843 0.99748795
1305033532.17122412 0.18997228 -0.68794676 0.88303067 0.02122892 0.13444998 0.10062606 0.98556934
1305033532.77210999 0.13967910 -0.54122520 0.67247655 0.02499623 0.19271548 0.12047176 0.97351039
1305033533.03790092 0.11206315 -0.46014696 0.57311828 0.01055197 0.25768353 0.16023404 0.95279216
1305033533.27060390 0.09885946 -0.43187007 0.53028591 0.00315971 0.34066303 0.23228597 0.91103345
1305033533.43781400 0.06523175 -0.43180434 0.51581234 0.01118078 0.41630177 0.30148407 0.85771510
1305033533.70220709 -0.00222161 -0.40681204 0.49369704 0.01682624 0.49468463 0.36901532 0.78665856
1305033533.97079206 -0.08114431 -0.39078956 0.47503589 0.01436250 0.56010811 0.41752103 0.71536621
1305033534.23866105 -0.21115696 -0.39131835 0.46723970 0.02263374 0.62056925 0.46383832 0.63185088
1305033534.53858590 -0.38052401 -0.41020839 0.49732859 0.01390649 0.66526606 0.50784753 0.54710014
1305033534.90688109 -0.55555459 -0.46435631 0.59228205 0.02775570 0.73119091 0.54877686 0.40426900
1305033534.90688109 -0.55303767 -0.46727917 0.59440498 0.02843445 0.73993730 0.55522825 0.37868967
1305033535.20638108 -0.68418441 -0.53405589 0.72040827 0.03191811 0.76185766 0.58342825 0.27958115
1305033535.83773589 -0.83746860 -0.60698265 0.82871513 0.03351286 0.76640037 0.60049780 0.22563191
1305033537.00734591 -0.81536105 -0.58553373 0.78211256 0.03365988 0.78962659 0.59664180 0.13919562
1305033537.54340005 -0.72472032 -0.52099507 0.69832434 0.04287698 0.80621025 0.58533447 0.07463344
1305033537.90244603 -0.67125376 -0.44811189 0.62103219 0.04950252 0.81393583 0.57875027 0.01030036
1305033538.27579403 -0.65954939 -0.39538154 0.52581385 0.03442182 0.81732966 0.57200354 -0.05999427
1305033538.54340506 -0.64017169 -0.35970061 0.46553000 0.01893516 0.82260118 0.55621691 -0.11658259
1305033538.80294895 -0.62232938 -0.33597513 0.40823295 0.01597553 0.82168370 0.53940504 -0.18336543
1305033539.04457688 -0.62240165 -0.31873646 0.36955352 0.01697584 0.81553898 0.52350826 -0.24606318
1305033539.50333190 -0.70241483 -0.27446423 0.33396414 0.01534971 0.79256879 0.52119278 -0.31616006
1305033540.23961806 -0.80786588 -0.25910051 0.35283063 0.01462277 0.75212999 0.53032482 -0.39095044
1305033540.80374503 -0.70375076 -0.29417624 0.42081876 0.01862847 0.71431894 0.53191877 -0.45438294
1305033541.50400901 -0.57439299 -0.35721240 0.47681902 0.01762805 0.66971153 0.50977418 -0.53972771
1305033542.07193708 -0.44818667 -0.41944013 0.54973538 -0.02736910 -0.59824111 -0.48627311 0.63631515
1305033542.60801506 -0.29486689 -0.49054831 0.63271230 -0.02956533 -0.53584656 -0.43153314 0.72510241
1305033543.13995099 -0.09546719 -0.52316518 0.67827212 -0.01732521 -0.46839822 -0.38521970 0.79492687
1305033543.13995099 -0.07305191 -0.53083757 0.68225659 -0.01408549 -0.45012621 -0.37009378 0.81253836
1305033543.64062691 0.04727355 -0.54941427 0.69759695 -0.01164741 -0.39264568 -0.31509015 0.86395134
1305033543.97194099 0.13055537 -0.52056148 0.67801138 -0.01167131 -0.33326951 -0.28825840 0.89760922
1305033544.40792704 0.24128746 -0.48096286 0.66546684 -0.01421993 -0.28478392 -0.25129917 0.92495656
1305033544.80798292 0.31163273 -0.47845297 0.65896264 -0.01771413 -0.24672812 -0.21133479 0.94559455
1305033545.30805802 0.36461069 -0.51098291 0.65887867 -0.00812720 -0.19987654 -0.17847328 0.96339535
1305033545.90798211 0.28031842 -0.57092881 0.72055607 0.00444245 -0.18275594 -0.14832053 0.97189585
1305033546.47209406 0.14417978 -0.65201053 0.86805896 0.00067058 -0.16935324 -0.14540378 0.97477011
1305033547.40792394 -0.13839870 -0.84760810 1.09776045 -0.01010615 -0.14432082 -0.14162300 0.97929173
1305033548.27209306 -0.50219544 -1.04681734 1.37049114 -0.04421524 -0.16107461 -0.15725632 0.97332956
1305033549.04000902 -0.83531423 -1.25736322 1.64830663 -0.07898115 -0.18822822 -0.20181604 0.95791566
1305033549.73998404 -1.24898453 -1.47063105 1.96468551 -0.11398982 -0.22106205 -0.24180164 0.93790717
1305033550.07200289 -1.55903978 -1.60219233 2.16132754 -0.11363977 -0.29801025 -0.32014130 0.89206807
1305033550.40799308 -1.91810670 -1.67614713 2.35875750 -0.07313573 -0.36061465 -0.37460819 0.85104462
1305033550.70800805 -2.25067453 -1.62365585 2.41279160 -0.05041307 -0.42976034 -0.42161889 0.79687018
1305033550.94000196 -2.57427585 -1.60260371 2.47058275 -0.03652735 -0.51735459 -0.44173402 0.73203896
1305033551.10795403 -2.78910701 -1.58827565 2.46640775 -0.01578466 -0.59065712 -0.44964268 0.66984810
1305033551.10795403 -2.81871811 -1.58377881 2.46287174 -0.01365417 -0.59958750 -0.45196367 0.66033116
1305033551.30799198 -2.97875455 -1.60233436 2.45557532 -0.01591534 0.66990251 0.46280851 -0.58033233
1305033551.64005399 -3.14901269 -1.65898097 2.43647616 -0.03177286 0.71602154 0.46595617 -0.51883378
1305033553.54001808 -3.57267968 -1.87554078 2.78899904 -0.02420724 0.69824353 0.49682607 -0.51481438
1305033553.77586794 -3.34657289 -1.87976014 2.75274950 -0.02330485 0.65187647 0.48729240 -0.58056874
1305033553.97599101 -3.12462376 -1.85020056 2.69779668 0.01674771 -0.60031691 -0.47110616 0.64606355
1305033554.17600703 -2.89210088 -1.78007023 2.62463850 -0.00418370 -0.54466645 -0.44554509 0.71050019
1305033554.40798998 -2.68646874 -1.71270278 2.55634285 -0.02514447 -0.47659184 -0.41718792 0.77342240
1305033554.90795898 -2.26568337 -1.57716900 2.36357031 -0.04704310 -0.33330271 -0.29811984 0.89320816
1305033555.80800509 -1.78871629 -1.29705212 1.95783924 -0.03856439 -0.30680374 -0.27275177 0.91103827
1305033556.70798302 -2.04019679 -1.46305869 2.22320024 -0.05638736 -0.21187720 -0.19616046 0.95574557
1305033557.20797491 -2.35941894 -1.71161130 2.55512724 -0.04919786 -0.08651019 -0.10482008 0.98949902
1305033558.13998294 -2.79586536 -2.14049955 3.22978035 -0.05512842 0.04043501 0.00996248 0.99761045
1305033558.57601309 -2.78517960 -2.31662260 3.46714807 -0.02019030 0.11930771 0.07234335 0.99001235
1305033558.83987093 -2.70877390 -2.37947570 3.52988288 0.00754442 0.17057795 0.10615548 0.97958014
1305033559.10964608 -2.60182110 -2.42935320 3.56562008 0.02944675 0.20652849 0.13132847 0.96913967
1305033560.07606602 -2.57255376 -2.20537494 3.30572796 -0.01144163 0.16076108 0.10798646 0.98100147
1305033560.07606602 -2.59387394 -2.19251737 3.28881623 -0.01488630 0.15448797 0.10417319 0.98237458
1305033560.37614012 -2.57585282 -2.00260811 3.02073426 -0.04704654 0.07833222 0.04425107 0.99483292
1305033560.64009094 -2.50045467 -1.81428122 2.68708511 -0.06836650 -0.02069009 -0.02629714 0.99709899
1305033561.07598090 -2.32585993 -1.53456685 2.25974852 -0.10147136 -0.15287370 -0.13214557 0.97409997
1305033561.44416690 -2.23580197 -1.39293208 2.00341035 -0.10733321 -0.28250587 -0.24061616 0.92237404
1305033561.97603106 -2.09027727 -1.26537834 1.77056098 -0.06736009 -0.40355877 -0.28369271 0.86724932
1305033562.40817404 -2.04874812 -1.30407306 1.54274880 -0.01198773 -0.47223068 -0.27476701 0.83747094
1305033563.44396210 -1.69545761 -1.14326185 1.38011950 -0.00578444 -0.42975832 -0.26233352 0.86397653
1305033564.80799007 -1.07663694 -0.71433861 1.02549320 -0.01608062 -0.31591187 -0.21850616 0.92314471
1305033565.17589998 -0.92760438 -0.61580560 0.91413388 -0.02591474 -0.26627808 -0.18875176 0.94487945
1305033565.37657404 -0.86240382 -0.55430888 0.85199815 -0.02505273 -0.22751963 -0.16134946 0.95998621
1305033565.67606401 -0.78170981 -0.47229296 0.75355281 -0.02862391 -0.16734264 -0.11869556 0.97830899
1305033565.94407511 -0.69029603 -0.40979036 0.67750850 -0.02737996 -0.13198630 -0.08709410 0.98703828
1305033566.20802999 -0.60204205 -0.34562708 0.60135525 -0.02149106 -0.09469941 -0.06877476 0.99289485
1305033566.44390988 -0.51844508 -0.28527985 0.53266708 -0.01741929 -0.06673620 -0.03764768 0.99690797
1305033566.67598605 -0.45300206 -0.20965208 0.45571748 -0.01891281 -0.03421363 -0.00881306 0.99919671
1305033566.84488893 -0.43878403 -0.17427874 0.40760268 -0.02279146 0.00223193 0.01970364 0.99954356
1305033566.84488893 -0.44188235 -0.17237326 0.40626831 -0.02139207 -0.00051599 0.01766411 0.99961497
1305033567.10891604 -0.41779951 -0.10614550 0.34016074 -0.01359708 0.05933543 0.05805194 0.99645592
1305033567.24401808 -0.41991688 -0.06529110 0.31025882 -0.01534577 0.08722447 0.07503144 0.99324050
1305033567.40801501 -0.43234791 -0.02406720 0.27798177 -0.02393874 0.11207044 0.09709595 0.98865542
1305033567.57603908 -0.43857239 0.00505658 0.26271671 -0.03006243 0.12401298 0.11170164 0.98551498
1305033567.77609992 -0.42737902 0.01248472 0.26663122 -0.03632560 0.13324076 0.12099465 0.98299931
1305033568.04468989 -0.39086839 -0.02668116 0.29410422 -0.02096933 0.14557152 0.12976529 0.98057646
1305033569.91041493 0.04733598 -0.58171214 0.89651764 0.01280116 0.17409159 0.11994352 0.97731356
1305033572.87927890 -0.10015704 -0.64575389 0.67145236 -0.04557045 0.12747339 0.08423332 0.98720748
1305033573.04713392 -0.14770619 -0.70823713 0.63868828 -0.07174671 0.06522465 0.04618929 0.99421562
1305033573.14619398 -0.18958282 -0.75345789 0.64321284 -0.07385130 0.01891720 0.01685181 0.99694741
1305033573.24566293 -0.22617770 -0.79551671 0.66014849 -0.06560271 -0.03188294 -0.01754883 0.99718193
1305033573.34670091 -0.28015567 -0.85017749 0.68074823 -0.04894054 -0.08547310 -0.05662921 0.99352519
1305033573.41347408 -0.31659355 -0.89762208 0.68323353 -0.02523106 -0.12397595 -0.08063100 0.98868195
1305033573.47682190 -0.36639504 -0.94465611 0.68597317 0.00414867 -0.15263957 -0.09254987 0.98393011
1305033573.54694009 -0.42327779 -0.99830085 0.69994881 0.03583896 -0.16566860 -0.10599572 0.97981345
1305033573.64486790 -0.50057162 -1.06594109 0.70327155 0.08163187 -0.16834069 -0.11017265 0.97614530
1305033573.64486790 -0.50057162 -1.06594109 0.70327155 0.08163187 -0.16834069 -0.11017265 0.97614530
1305033573.74655199 -0.57234608 -1.12087747 0.69989550 0.11032467 -0.14466319 -0.08050841 0.98000991
1305033573.87690091 -0.67469604 -1.17316274 0.68970211 0.14059012 -0.11061949 -0.06650775 0.98161829
