1305031526.67147303 0.00000000 0.00000000 0.00000000 0.00000000 0.00000000 0.00000000 1.00000000
1305031526.77148104 0.01099571 -0.01567591 -0.02522644 0.04593494 0.03627344 -0.00121318 0.99828490
1305031526.87144589 0.00606252 -0.01240085 -0.06780538 0.11532710 0.06897997 -0.01019757 0.99087710
1305031527.00759506 -0.01476284 -0.00397825 -0.12199203 0.18706019 0.10509471 -0.01716496 0.97655975
1305031527.47149706 -0.01939275 0.04599954 -0.13260829 0.17501624 0.12379239 0.00782454 0.97672081
1305031527.63983297 -0.03002837 0.07918592 -0.10461262 0.11510250 0.12410079 0.01095624 0.98551021
1305031527.80758095 -0.04885510 0.07856752 -0.06495345 0.05393571 0.09192983 0.02028401 0.99409678
1305031527.93956590 -0.08191506 0.08486912 -0.05232722 0.03245403 0.04132973 0.00650728 0.99859714
1305031528.07154608 -0.13421631 0.09463772 -0.04678069 0.04757186 -0.02689485 -0.05386208 0.99705188
1305031528.17152309 -0.17051499 0.10383228 -0.05788551 0.06364779 -0.07615151 -0.10578690 0.98942359
1305031528.27544999 -0.20652071 0.11183617 -0.08264717 0.08654880 -0.10539033 -0.14915914 0.97936394
1305031528.33959293 -0.23669648 0.11999474 -0.10370318 0.10427076 -0.14984047 -0.17188141 0.96805590
1305031528.40745902 -0.26694221 0.12711174 -0.12289223 0.11413403 -0.20190900 -0.18421263 0.95512925
1305031528.47534204 -0.27324002 0.13758248 -0.15406937 0.11836182 -0.25948219 -0.19464224 0.93849554
1305031528.53962588 -0.28107477 0.14505780 -0.17465964 0.11673947 -0.31793871 -0.20047674 0.91929100
1305031528.63948703 -0.29331054 0.16536002 -0.19587117 0.10293544 -0.38900131 -0.21687636 0.88940819
1305031528.77544308 -0.31163406 0.21495788 -0.21704536 0.07330398 -0.41965445 -0.24904271 0.86976687
1305031528.77544308 -0.31163406 0.21495788 -0.21704536 0.07330398 -0.41965445 -0.24904271 0.86976687
1305031528.87543297 -0.33223342 0.26323201 -0.23486546 0.04000911 -0.42153027 -0.27490103 0.86321546
1305031528.97546506 -0.36041715 0.30709225 -0.25336572 -0.00503657 -0.41456981 -0.28797026 0.86323788
1305031529.13959694 -0.42022143 0.39218268 -0.28164273 -0.08084274 -0.35245501 -0.25045244 0.89806096
1305031529.30741310 -0.49702044 0.48015285 -0.32945293 -0.16192731 -0.26532806 -0.20359104 0.92840253
1305031529.47540307 -0.58960476 0.52777052 -0.40727697 -0.18357284 -0.23190968 -0.20997072 0.93189656
1305031529.97550106 -0.87021560 0.57991892 -0.46053479 -0.16316657 -0.10607884 -0.12107598 0.97337791
1305031530.20748591 -1.02536713 0.53668771 -0.49995073 -0.16931501 -0.08557413 -0.04942813 0.98059490
1305031530.47543907 -1.17411418 0.46428817 -0.63141046 -0.12437007 -0.03845197 -0.05632170 0.98988959
1305031530.60755897 -1.22696175 0.40396198 -0.68080213 -0.08041332 0.01043585 -0.05799512 0.99501827
1305031530.70745611 -1.26961659 0.36955541 -0.73233822 -0.02619012 0.08465270 -0.05549679 0.99451903
1305031530.80746698 -1.33018251 0.37943635 -0.80148667 0.02159490 0.16762915 -0.03504010 0.98499052
1305031531.07532501 -1.56544432 0.44577723 -0.81103670 0.01367171 0.14688943 0.01480257 0.98894765
1305031531.17535496 -1.63589515 0.44537928 -0.74172310 -0.02242969 0.08583662 0.02624235 0.99571096
1305031531.27551508 -1.71308925 0.45572013 -0.68107052 -0.04559173 0.03145945 0.03811832 0.99773678
1305031531.77544188 -2.02318679 0.46193581 -0.45499089 -0.01657375 0.08079532 0.06596445 0.99440742
1305031532.03967500 -2.18055573 0.48152685 -0.35244816 -0.07391629 0.12121270 0.08998029 0.98577249
1305031532.03967500 -2.17999927 0.48128748 -0.35213979 -0.07452548 0.12145044 0.09007413 0.98568879
1305031532.13951993 -2.22920734 0.49178203 -0.31014102 -0.11921596 0.14566689 0.13733809 0.97247466
1305031532.27551389 -2.29930333 0.51205779 -0.24116646 -0.15906008 0.17129076 0.20999556 0.94934779
1305031532.40744805 -2.36751387 0.50395829 -0.17746637 -0.19687338 0.17116173 0.27462393 0.92548702
1305031532.53945804 -2.42853921 0.46508238 -0.12027079 -0.14521796 0.17554391 0.27527045 0.93398194
1305031533.03950500 -2.48962721 0.35776655 0.06228995 -0.10250010 0.32093508 0.37437913 0.86390663
1305031533.23951101 -2.49304520 0.29864081 0.07414636 -0.09459805 0.38254229 0.40547899 0.82480264
1305031533.40748310 -2.50779973 0.22535784 0.07613235 -0.06585577 0.42532360 0.40298100 0.80769374
1305031533.73955488 -2.60208353 0.11849061 0.04717963 -0.01803090 0.49117950 0.42962350 0.75752309
1305031533.93952990 -2.59056506 0.05416948 0.17494608 0.02657152 0.45206779 0.44428919 0.77300439
1305031534.00732303 -2.60159452 0.03282836 0.19085447 0.05658611 0.40415088 0.42947965 0.80560989
1305031534.10744190 -2.62278553 0.00498132 0.20495954 0.10765550 0.36253880 0.39276952 0.83827681
1305031534.23952889 -2.65363222 -0.02298576 0.24165534 0.15972193 0.37214572 0.34109484 0.84832233
1305031534.50752497 -2.62453269 -0.08310691 0.27843046 0.20348235 0.37400896 0.29841383 0.85420221
1305031534.80751610 -2.58767818 -0.07913838 0.29627786 0.22891367 0.31880593 0.27509048 0.87765969
1305031535.20751405 -2.58710296 -0.06412458 0.29336700 0.25364803 0.28017680 0.23547519 0.89538543
1305031535.40771198 -2.59466379 -0.05232100 0.28272477 0.24729138 0.21676740 0.22064461 0.91824551
1305031535.40771198 -2.59382445 -0.05266399 0.28314527 0.24635091 0.21679864 0.22056247 0.91851063
1305031536.00746202 -2.59535333 0.04172751 0.25637239 0.18592981 0.22403197 0.21013112 0.93331918
1305031536.10757899 -2.58489019 0.06583118 0.25282777 0.14477641 0.24794297 0.23951042 0.92746905
1305031536.20747399 -2.56707790 0.09400257 0.23792770 0.10782722 0.28066237 0.27629935 0.91283109
1305031536.30747199 -2.55663683 0.11939464 0.22146468 0.07645520 0.32067277 0.32208420 0.88746005
1305031536.43954611 -2.54883200 0.15688837 0.19639509 0.05219383 0.37178234 0.37970473 0.84550459
1305031536.63983798 -2.55161039 0.18807947 0.18136396 0.03395991 0.39103691 0.43636698 0.80964234
1305031537.17537689 -2.56390593 0.34629212 0.01269399 0.00723770 0.39163016 0.36669493 0.84386507
1305031537.74342608 -2.42849690 0.44719820 -0.31701921 0.01132642 0.27712611 0.22287906 0.93455752
1305031538.17556500 -2.16670845 0.48022182 -0.46900604 0.04256019 0.17835262 0.15699081 0.97042921
1305031538.34341311 -2.06920971 0.46529746 -0.52856192 0.09083525 0.14654581 0.11065402 0.97878954
1305031538.54345012 -1.95282167 0.49717801 -0.59977658 0.13500303 0.08103723 0.07542249 0.98464135
1305031538.74357200 -1.83079802 0.58987712 -0.65660185 0.08373832 0.03440487 0.04662651 0.99480157
1305031538.84351802 -1.74656705 0.63674157 -0.69772343 0.02891240 0.00875949 0.04373669 0.99858622
1305031538.97550702 -1.64618369 0.67402992 -0.73728020 -0.02015786 0.00562964 0.04002937 0.99897929
1305031539.14360690 -1.50749650 0.70733290 -0.75794431 -0.06181716 -0.00364467 0.02881577 0.99766478
1305031539.30752110 -1.36584867 0.72298697 -0.73837631 -0.13314446 -0.05227408 -0.00993615 0.98966724
1305031539.30752110 -1.36587446 0.72306707 -0.74098703 -0.13339585 -0.05315236 -0.00997328 0.98958623
1305031539.40784597 -1.28344483 0.72226971 -0.73249835 -0.18292021 -0.06075449 -0.07228551 0.97858260
1305031539.54345894 -1.16893541 0.71861464 -0.73186075 -0.21829163 -0.09617441 -0.10814016 0.96509324
1305031539.97588301 -0.84101179 0.63779151 -0.66924506 -0.19819148 -0.21928587 -0.25817215 0.91977225
1305031540.14344311 -0.73164087 0.59304687 -0.63426994 -0.15113272 -0.23001623 -0.28266348 0.91888671
1305031540.24349594 -0.67816250 0.56966863 -0.62743768 -0.10547116 -0.22570960 -0.26618334 0.93116993
1305031540.37543797 -0.60338023 0.53558826 -0.61847028 -0.05847949 -0.23446707 -0.22945088 0.94284550
1305031540.47547603 -0.55795281 0.50996424 -0.61915066 -0.02288153 -0.22815732 -0.18572854 0.95547139
1305031540.57563496 -0.50340856 0.48953780 -0.61910456 0.01683872 -0.21620830 -0.15455506 0.96388960
1305031540.67589498 -0.45090539 0.46940430 -0.62462910 0.04563971 -0.18200373 -0.12915167 0.97371018
1305031540.77551293 -0.39818211 0.45292475 -0.62527359 0.06357556 -0.13902352 -0.09847348 0.98332781
1305031540.87547207 -0.35866049 0.44704463 -0.62793248 0.08054635 -0.07468925 -0.06665474 0.99171112
1305031540.97540092 -0.33697771 0.44102342 -0.63077013 0.09390957 -0.01897486 -0.02972731 0.99495590
1305031541.14350700 -0.29618585 0.42858757 -0.62946108 0.12416181 0.02294530 0.01615329 0.99186513
1305031541.44369888 -0.30094369 0.42686341 -0.58971739 0.08842250 -0.02461449 0.01347708 0.99568768
1305031541.57560802 -0.30245347 0.42275123 -0.57412227 0.06364624 -0.07514952 -0.03855840 0.99439175
1305031541.74343896 -0.31948734 0.40609209 -0.56615014 0.03809054 -0.14924962 -0.13594963 0.97866816
1305031541.74343896 -0.31821617 0.40601167 -0.56657469 0.03844881 -0.14916484 -0.13601750 0.97865764
1305031541.87543797 -0.34831044 0.39085899 -0.55771384 0.01786901 -0.19069883 -0.25944985 0.94657299
1305031542.00769401 -0.37257743 0.37987769 -0.55233231 -0.00336057 -0.27020001 -0.28993306 0.91810646
1305031542.24409103 -0.38629396 0.36030813 -0.48652508 -0.02846806 -0.35152910 -0.33719355 0.87287878
1305031542.77562404 -0.31683695 0.24992558 -0.26244409 -0.07234062 -0.36971040 -0.31075837 0.87264557
1305031543.17558694 -0.26210773 0.15399298 -0.04082956 -0.11697288 -0.39011214 -0.31290982 0.85803107
1305031543.50765204 -0.25178258 0.09301316 0.04128390 -0.09968253 -0.41666214 -0.27255388 0.86149315
1305031543.70747805 -0.26889122 0.07647428 -0.02896605 -0.07868638 -0.44386154 -0.29331971 0.84306520
1305031544.27554011 -0.30247862 0.01271277 -0.45128038 -0.05760026 -0.32737192 -0.24464856 0.91085505
1305031544.64344406 -0.46857078 0.16399296 -0.67958791 -0.08096411 -0.26319978 -0.26749900 0.92337153
1305031544.94343400 -0.61501323 0.26316612 -0.72603887 -0.09371423 -0.26913969 -0.29022145 0.91353871
1305031545.47542310 -0.88476959 0.29372499 -0.69717378 -0.06866637 -0.17467833 -0.16148294 0.96886308
1305031545.64346290 -0.95389644 0.31275892 -0.69621326 -0.00601462 -0.19057641 -0.13976069 0.97165395
1305031546.07541394 -1.04596130 0.47578393 -0.64412492 -0.05245848 -0.14798452 -0.15695888 0.97504492
1305031546.20749998 -1.04319743 0.52176699 -0.64682073 -0.08888256 -0.10725289 -0.14383947 0.97974839
1305031546.37605596 -1.01908522 0.57775757 -0.61159077 -0.10303910 -0.06212176 -0.09928623 0.98775811
1305031546.64420009 -0.98422979 0.68010801 -0.55729553 -0.12063050 -0.03824635 -0.05851548 0.99023302
1305031546.64420009 -0.98507453 0.68039772 -0.55765872 -0.12153706 -0.03813137 -0.05909624 0.99009210
1305031546.80799603 -0.97852566 0.71604205 -0.52781929 -0.15228210 -0.01872441 -0.05765684 0.98647618
