1305032353.99316502 0.00000000 0.00000000 0.00000000 0.00000000 0.00000000 0.00000000 1.00000000
1305032354.25731707 -0.00198283 -0.08962111 0.00300649 -0.11163066 0.01501421 -0.00246075 0.99363329
1305032354.62545490 -0.00391152 -0.24318546 0.00075154 -0.21753387 0.03487563 -0.01300236 0.97534283
1305032354.95769596 -0.02597951 -0.36183580 0.03333061 -0.30749481 0.02516631 -0.02596853 0.95086236
1305032355.19373107 -0.04622786 -0.43810372 0.09340807 -0.37852588 -0.02276811 -0.08287166 0.92159213
1305032355.35792398 -0.06267374 -0.48081228 0.16104175 -0.40743863 -0.08610633 -0.08362238 0.90531031
1305032355.59396505 -0.00327804 -0.53642560 0.17860263 -0.39892411 -0.18461411 -0.09325130 0.89335401
1305032355.85815096 0.09694614 -0.59061303 0.21534948 -0.34898291 -0.22255726 -0.10705314 0.90400156
1305032356.39426589 0.24411123 -0.60501946 0.23248786 -0.30624090 -0.32469729 -0.09539031 0.88976900
1305032356.56218410 0.28592790 -0.55501344 0.24515123 -0.22838626 -0.35941240 -0.10640857 0.89852082
1305032356.82633209 0.35161365 -0.44028225 0.25267059 -0.15217985 -0.35762958 -0.09903902 0.91604238
1305032357.22620797 0.42913044 -0.26788219 0.25883161 -0.11430382 -0.41743258 0.01958092 0.90127757
1305032357.72639298 0.48880949 -0.09582409 0.21555838 -0.13815784 -0.40033324 0.09737022 0.90064685
1305032358.12646294 0.48454198 -0.03187093 0.19333408 -0.09833829 -0.35862284 0.09264875 0.92365331
1305032358.32622790 0.45109375 -0.01076061 0.19572455 -0.03649299 -0.38356849 0.12181136 0.91471606
1305032359.09409189 0.50393939 -0.06623102 0.19309336 -0.05594721 -0.46382666 0.07898271 0.88062277
1305032359.29426908 0.54807287 -0.13773978 0.19188735 -0.12766596 -0.45402962 0.01887241 0.88159080
1305032359.29426908 0.55368870 -0.13812744 0.18341464 -0.12679231 -0.46318638 0.01968224 0.87692343
1305032359.59396505 0.56943756 -0.25963316 0.21387264 -0.21436550 -0.46071236 -0.06176636 0.85905557
1305032359.99416089 0.53763332 -0.40240019 0.29077771 -0.30515432 -0.49404147 -0.14958740 0.80026713
1305032360.19427204 0.50858332 -0.44817728 0.33714850 -0.34570753 -0.54251174 -0.22098205 0.73303087
1305032360.42624593 0.45532923 -0.49415890 0.38827294 -0.31510113 -0.62113897 -0.27126480 0.66431398
1305032360.69407296 0.37801121 -0.54136026 0.41249918 0.24257162 0.68139150 0.32067311 -0.61158269
1305032360.82619190 0.34767661 -0.55071928 0.40057406 0.19811549 0.72187645 0.29843617 -0.59209838
1305032361.16202807 0.30992945 -0.52901861 0.41668552 0.15885411 0.79133135 0.30262724 -0.50692881
1305032361.46237397 0.35168400 -0.45864981 0.50652781 0.08686076 0.85755169 0.25298724 -0.43938340
1305032361.79396605 0.40013704 -0.35233230 0.61041788 0.03355268 0.88345690 0.15810000 -0.43975279
1305032362.52626705 0.40720845 -0.05510681 0.69574259 0.13303481 0.90160114 0.00677168 -0.41154740
1305032363.06188297 0.36635301 0.07996060 0.67097662 0.12640132 0.91433316 -0.10971379 -0.36875528
1305032363.39408302 0.38021209 0.13826094 0.64428645 0.11299400 0.89501408 -0.21219863 -0.37570454
1305032364.16209197 0.35252699 0.17256132 0.65760668 0.08915094 0.91763002 -0.26201966 -0.28522439
1305032364.32610202 0.34385639 0.13531990 0.66574881 0.06584201 0.95659034 -0.19820396 -0.20326076
1305032364.49403501 0.32342507 0.07176515 0.66959902 0.02309992 0.98588759 -0.09475124 -0.13606711
1305032364.76209307 0.27053962 -0.06190123 0.69701075 -0.05153518 0.99281155 0.04279837 -0.09918495
1305032364.76209307 0.27202346 -0.06309924 0.68047900 -0.05499888 0.99419232 0.04162483 -0.08260822
1305032365.16201401 0.17746432 -0.24478011 0.64460908 -0.11440534 0.98115340 0.15510996 -0.01379557
1305032365.69400501 0.10143448 -0.35504408 0.58940041 -0.18367299 0.95963137 0.18092566 0.11241780
1305032366.03006601 0.08220317 -0.38717302 0.53397622 -0.14292580 0.96633344 0.13009321 0.16984596
1305032366.56198907 0.10155971 -0.47068233 0.46306451 -0.22737793 0.92836834 0.18446216 0.22892186
1305032366.89425397 0.08468487 -0.46286772 0.43575610 -0.24221692 0.89753646 0.18035285 0.32129755
1305032367.33006310 -0.01129222 -0.42162799 0.41966104 -0.19743222 0.91484589 0.09690641 0.33865420
1305032367.66217303 -0.08263830 -0.36417369 0.38892538 -0.16191667 0.91534950 0.00595325 0.36862290
1305032368.09469295 -0.18038686 -0.26034360 0.29676734 -0.11181793 0.88709781 -0.07050911 0.44224731
1305032368.33004808 -0.20690755 -0.19815931 0.24666916 -0.08044551 0.85058628 -0.13547270 0.50167584
1305032368.59418392 -0.19470974 -0.12984557 0.19349538 -0.03286701 0.83817043 -0.22444805 0.49599714
1305032368.92994499 -0.20163609 -0.01378022 0.13469087 0.07436749 0.81554801 -0.24006177 0.52126890
1305032370.09413195 -0.25310194 0.02990861 0.08729018 0.06913135 0.82417963 -0.17483562 0.53421091
1305032370.56212902 -0.30437986 0.04102370 0.10633184 0.01928253 0.84629255 -0.11893561 0.51891369
1305032370.93065906 -0.31609960 0.01512154 0.09813078 -0.04840977 0.85440603 -0.06710643 0.51297520
1305032371.19920897 -0.32572716 -0.08776927 0.06933988 -0.13187649 0.85468615 0.00466829 0.50209399
1305032371.69806290 -0.26535629 -0.33888345 0.03202899 -0.35509800 0.77219349 0.03432805 0.52577961
1305032371.69806290 -0.25960415 -0.33891539 0.02188115 -0.35917689 0.76493187 0.03084346 0.53377886
1305032372.12993312 -0.10288469 -0.45758244 -0.05030698 -0.47460576 0.63959926 0.00782464 0.60464943
1305032372.29777789 -0.03921611 -0.48662319 -0.04865497 -0.50198820 0.55866188 -0.04656815 0.65858648
1305032372.62994003 0.05708971 -0.52030325 0.00527165 -0.57079406 0.46313757 -0.09737759 0.67098087
1305032372.86695099 0.10765928 -0.54147983 0.04570059 -0.56031910 0.40570463 -0.11166392 0.71342654
1305032373.03060198 0.10871907 -0.54910306 0.07937160 -0.54500990 0.37304863 -0.09350794 0.74502026
1305032373.19839597 0.10922571 -0.53824571 0.10355846 -0.58267807 0.32849677 -0.05083752 0.74161424
1305032373.43460011 0.11787857 -0.51809386 0.13289758 -0.61021205 0.28198132 -0.00733533 0.74032019
1305032374.23456001 0.04800887 -0.53637710 0.06093809 -0.53655281 0.29007117 -0.04974835 0.79088236
1305032374.43490791 -0.03500881 -0.52058065 -0.01729778 -0.46201941 0.26473397 -0.05663416 0.84453926
1305032374.99429607 -0.16159573 -0.37013132 -0.27852998 -0.29554349 0.34181922 0.00771460 0.89205053
1305032375.56472492 -0.22918303 -0.22254970 -0.33131457 -0.15748309 0.36920908 -0.02011367 0.91568508
1305032376.60191607 -0.25722968 -0.01749908 -0.42712759 0.08348906 0.40339949 0.05700127 0.90942250
1305032377.76210690 -0.23971775 -0.05128117 -0.38566982 0.05396800 0.36037712 0.01012858 0.93118913
1305032378.26205993 -0.17586552 -0.23957274 -0.33868838 -0.14582259 0.31531943 -0.05030899 0.93636448
1305032378.43005800 -0.16339349 -0.29332651 -0.31068601 -0.23107217 0.26990927 -0.05616298 0.93305968
1305032378.66195989 -0.14245206 -0.39288011 -0.25780714 -0.34931367 0.21330308 -0.09474484 0.90747186
1305032378.66195989 -0.16731284 -0.39297426 -0.23633921 -0.35094630 0.23212875 -0.09204625 0.90248569
1305032378.99799109 -0.15632638 -0.49974450 -0.13832927 -0.38192562 0.16531790 -0.13424438 0.89932267
1305032379.49811602 -0.11622733 -0.59374152 0.00255017 -0.41648150 0.11575757 -0.15915996 0.88758744
1305032379.66221499 -0.12793781 -0.60553072 0.03116135 -0.38996233 0.07675126 -0.16642184 0.90240922
1305032379.96234298 -0.10813564 -0.60722699 0.00264145 -0.42630726 0.10750673 -0.19759562 0.87616231
1305032380.46229911 -0.10510087 -0.52830406 -0.04208230 -0.36724970 0.08710445 -0.11311812 0.91909998
1305032380.96230507 -0.07451682 -0.32080846 -0.13115157 -0.22032323 0.12039391 -0.08604081 0.96413690
1305032381.13031292 -0.08837644 -0.26122292 -0.15485613 -0.19577954 0.19305046 -0.04030925 0.96061286
1305032381.43033695 -0.14927602 -0.20907266 -0.20374776 -0.17953771 0.28644627 0.05712756 0.93938873
1305032381.59833097 -0.18633604 -0.21966582 -0.22297480 -0.14574059 0.37573442 0.06303625 0.91302232
1305032381.83033895 -0.22426023 -0.24574497 -0.23663649 -0.06525953 0.41852178 0.06491518 0.90353015
1305032381.99829888 -0.23683518 -0.25704822 -0.23751039 0.00665306 0.44971343 0.05236957 0.89161146
1305032382.43030596 -0.15692218 -0.27403550 -0.24006178 -0.08099696 0.42054670 0.08133881 0.89997998
1305032382.53031301 -0.12201031 -0.28324618 -0.19178567 -0.15188415 0.37849760 0.08403064 0.90918074
1305032382.66229200 -0.06471575 -0.30553370 -0.11718380 -0.22320213 0.31324423 0.07527167 0.91999622
1305032382.86251593 -0.00757599 -0.38330250 0.00426556 -0.27757359 0.23530160 0.00449523 0.93143215
1305032382.99832296 -0.00500661 -0.43920527 0.08712861 -0.29147203 0.17187464 -0.01775652 0.94084423
1305032382.99832296 -0.00412717 -0.43958911 0.08251234 -0.29157986 0.16938280 -0.01807372 0.94125660
1305032383.16255212 0.02531969 -0.48024459 0.12462992 -0.30629247 0.08058844 -0.03026519 0.94803715
1305032383.39828610 0.04453067 -0.52084752 0.14887257 -0.33381773 -0.02835804 -0.09046420 0.93785808
1305032383.66234708 0.06170661 -0.56801827 0.15093301 -0.32821960 -0.12153831 -0.11250464 0.92996937
1305032383.86239696 0.06085124 -0.59638702 0.13683000 -0.34673174 -0.19882680 -0.12609094 0.90793506
1305032384.79828405 0.16247388 -0.43725947 0.10205884 -0.29007373 -0.23900403 -0.01158153 0.92660680
1305032384.96632099 0.20271314 -0.38103474 0.07288278 -0.21667130 -0.24684341 0.02448358 0.94420466
1305032385.19829798 0.25560198 -0.29305600 0.03267942 -0.15408941 -0.22691705 0.06723304 0.95929392
1305032385.53030396 0.30300370 -0.18200161 0.00096889 -0.05383277 -0.22912804 0.04436136 0.97089363
1305032385.93028808 0.32259388 -0.04465050 0.00172860 -0.03784718 -0.26008899 0.14603399 0.95372710
1305032386.36626101 0.32817106 0.03406467 0.04456583 -0.06423777 -0.33163294 0.20263354 0.91914784
1305032386.56627011 0.35183042 0.01602125 0.06571946 -0.09135991 -0.40260396 0.14571256 0.89907245
1305032386.93035293 0.41437412 -0.05018038 0.11927632 -0.15764057 -0.46103662 0.03809144 0.87243552
1305032387.16622210 0.43567949 -0.12212909 0.16491534 -0.23323615 -0.47033487 -0.03742825 0.85028533
1305032387.49828506 0.46070347 -0.23965980 0.23795660 -0.26628123 -0.46267649 -0.13849449 0.83417267
1305032387.93029594 0.46449012 -0.34922488 0.32361982 -0.32110372 -0.51823525 -0.22253563 0.76079072
1305032388.46636009 0.45516093 -0.45981781 0.44433985 -0.31806590 -0.55562546 -0.21836071 0.73650053
1305032388.46636009 0.45482912 -0.45859533 0.44270589 -0.31770151 -0.55778117 -0.21859345 0.73495770
1305032389.03035402 0.36307746 -0.52171109 0.49059197 -0.28221155 -0.62345816 -0.27647635 0.67469800
1305032389.83033299 0.41739743 -0.45624471 0.61505938 0.21762105 0.71174341 0.26463621 -0.61321291
1305032390.03035998 0.44225336 -0.42177909 0.62453812 0.16503715 0.74534473 0.21439177 -0.60931121
1305032390.36612606 0.46500754 -0.33763437 0.62582634 0.12481419 0.75521828 0.11971570 -0.63224593
1305032390.96629190 0.47952022 -0.18881229 0.67194136 0.09381631 0.76636725 -0.01808309 -0.63525801
