1305031790.64515495 0.00000000 0.00000000 0.00000000 0.00000000 0.00000000 0.00000000 1.00000000
1305031790.81320691 0.01935031 0.02632172 0.01136387 -0.05093726 0.00456995 0.02669951 0.99833444
1305031790.98115897 0.03807908 0.03277119 0.01261308 -0.09103486 0.02780233 0.06127217 0.99357204
1305031791.11313605 0.06150131 0.00801625 -0.01513216 -0.04884102 0.06308446 0.08911002 0.99282139
1305031791.18128705 0.06420030 -0.00056844 -0.03444400 -0.00268540 0.10034904 0.09308389 0.99058480
1305031791.24508691 0.05556461 -0.00582361 -0.06016837 0.05281045 0.14114139 0.09041951 0.98443612
1305031791.31308794 0.04541555 -0.01913911 -0.08273678 0.10148150 0.18101639 0.09599411 0.97350896
1305031791.38216090 0.03269158 -0.02531040 -0.09616246 0.14794982 0.21637488 0.10401949 0.95941269
1305031791.44516492 0.02190540 -0.03417403 -0.11788881 0.19826772 0.23894040 0.11647818 0.94341414
1305031791.54506493 0.00631663 -0.05459564 -0.13359514 0.25515924 0.26023040 0.12563549 0.92270777
1305031791.64507389 -0.01212319 -0.06693321 -0.15332923 0.30237994 0.27937343 0.12101922 0.90325589
1305031791.71324205 -0.02812847 -0.08428017 -0.17407631 0.33919684 0.29607066 0.11762309 0.88512851
1305031791.81324697 -0.06528108 -0.10976855 -0.20278039 0.38654358 0.32687143 0.11098891 0.85523131
1305031791.91319299 -0.08361800 -0.12944209 -0.23084524 0.42827067 0.35156263 0.10765825 0.82546814
1305031792.05022097 -0.10577944 -0.14120664 -0.27095310 0.47613942 0.37121297 0.09097501 0.79196953
1305031792.58113599 -0.06971141 -0.13702355 -0.26869353 0.41622854 0.37153043 0.12409383 0.82056058
1305031792.71311593 -0.07060857 -0.08997611 -0.26613666 0.35052453 0.37139550 0.15124276 0.84635901
1305031792.71311593 -0.07060857 -0.08997611 -0.26613666 0.35052453 0.37139550 0.15124276 0.84635901
1305031792.81314397 -0.04813094 -0.07746790 -0.25171931 0.30389138 0.36739512 0.17333196 0.86175802
1305031792.94904709 -0.01918978 -0.05607220 -0.21909370 0.25033142 0.36355174 0.20862288 0.87272035
1305031793.08117199 0.00382896 -0.02558026 -0.18852520 0.20555207 0.35305055 0.25404325 0.87667878
1305031793.24912810 0.01970953 0.00488289 -0.15197489 0.15762454 0.37714516 0.28936814 0.86555307
1305031793.41378999 0.03397209 0.03366300 -0.11260805 0.11166837 0.39215599 0.32804121 0.85213427
1305031793.54907107 0.04767338 0.05780296 -0.06950653 0.07723450 0.40124693 0.36441619 0.83680139
1305031793.68110704 0.05747167 0.07494771 -0.03144570 0.04233085 0.40182346 0.41374442 0.81581957
1305031793.88112998 0.09083479 0.07977480 0.02236776 -0.01291691 0.39507425 0.47715372 0.78490370
1305031794.38112807 0.09853602 0.05941497 0.00684811 0.02456634 0.45089230 0.48598507 0.74827210
1305031794.54905510 0.07702581 0.03134520 -0.04321153 0.07776746 0.48236645 0.45180815 0.74642094
1305031794.68106604 0.06739815 0.01342937 -0.08552765 0.11715633 0.52905903 0.42066995 0.72760410
1305031794.78105307 0.05351632 -0.00329530 -0.12315725 0.14384529 0.58499561 0.38994891 0.69643988
1305031794.84904790 0.03914790 -0.02714489 -0.14688220 0.16096817 0.62509099 0.36557873 0.67059876
1305031794.91331506 0.02301850 -0.03152785 -0.17648136 0.18359667 0.65756088 0.33961017 0.64697054
1305031795.01352906 0.00558920 -0.04288954 -0.20188462 0.20721530 0.69432049 0.30693518 0.61706699
1305031795.14907694 -0.01812874 -0.06052828 -0.24696042 0.23464719 0.72532416 0.28023594 0.58336385
1305031795.14907694 -0.01812874 -0.06052828 -0.24696042 0.23464719 0.72532416 0.28023594 0.58336385
1305031795.28109908 -0.04597912 -0.07319438 -0.27785363 0.27052466 0.75335049 0.25151531 0.54407673
1305031795.41322398 -0.07590976 -0.07720929 -0.30505213 0.28511897 0.78654573 0.22281347 0.50040697
1305031795.58113599 -0.08561751 -0.08219079 -0.32156039 0.28917903 0.82193217 0.20668790 0.44506529
1305031795.74908209 -0.08701754 -0.09011354 -0.31171239 0.27916238 0.84817517 0.19750014 0.40455030
1305031795.88107800 -0.03632153 -0.08338207 -0.29750483 0.25571781 0.85342794 0.24454621 0.38270915
1305031796.01314807 0.01009423 -0.06010924 -0.28646262 0.22587535 0.84381737 0.30829996 0.37670109
1305031796.11371899 0.04450605 -0.04050940 -0.27113737 0.20322848 0.83082474 0.36080040 0.37182187
1305031796.21305609 0.07316950 -0.01963700 -0.25722116 0.18148101 0.81810595 0.40852788 0.36176272
1305031796.34905410 0.10008932 0.00153721 -0.23218625 0.15709644 0.80430008 0.46379702 0.33662206
1305031796.48117805 0.11294362 0.02269747 -0.20828133 0.13663654 0.78249698 0.51611666 0.32039432
1305031796.61316609 0.11168039 0.04600785 -0.18142124 0.11689823 0.75648232 0.56430129 0.30924644
1305031796.74946904 0.11353474 0.07761248 -0.15102881 0.10310431 0.72211133 0.61088268 0.30781013
1305031796.88118410 0.10674504 0.10663979 -0.12327581 0.09720735 0.68713176 0.65362172 0.30195914
1305031797.04932308 0.08665768 0.13443690 -0.08503929 0.08773104 0.64642934 0.69657904 0.29868044
1305031797.24970293 0.06064380 0.16496631 -0.05845723 0.08199412 0.59737109 0.74512469 0.28498060
1305031797.71306896 0.00157388 0.19030446 -0.07991957 0.10811731 0.62079269 0.73606443 0.24725744
1305031797.71306896 0.00157388 0.19030446 -0.07991957 0.10811731 0.62079269 0.73606443 0.24725744
1305031797.78133512 -0.00595048 0.17924309 -0.09485687 0.10037019 0.65107475 0.71305543 0.23995720
1305031797.88108897 -0.01647981 0.15759711 -0.12749273 0.09477836 0.69047680 0.68179780 0.22228499
1305031797.98134089 -0.02587990 0.13611144 -0.15702133 0.09623136 0.73617115 0.64117878 0.19411680
1305031798.08140707 -0.03193675 0.10979329 -0.18660606 0.09668695 0.77742762 0.59982022 0.16270719
1305031798.18147397 -0.03437299 0.08316207 -0.20426276 0.09917631 0.80984316 0.56312802 0.13116767
1305031798.28136110 -0.03075526 0.06263884 -0.22565017 0.09357454 0.83712912 0.52958997 0.09996550
1305031798.41722202 -0.02107482 0.03064283 -0.24793591 0.08587596 0.86946268 0.48267817 0.06067745
1305031798.54896092 -0.01385303 0.00062900 -0.26500386 0.07779303 0.89874332 0.43106310 0.01983174
1305031798.68115091 -0.01100406 -0.04724425 -0.28874254 0.08001137 0.91814403 0.38728640 -0.02487906
1305031798.81663704 -0.01498414 -0.08831210 -0.31087007 0.07438439 0.93674049 0.33660661 -0.06066465
1305031798.98116112 -0.01548540 -0.13003770 -0.31325308 0.05778707 0.95494765 0.27918521 -0.08240911
1305031799.24936295 -0.02735755 -0.17321040 -0.28972634 0.02503822 0.96314774 0.24236694 -0.11392009
1305031799.51701307 -0.06296647 -0.18267151 -0.23785269 0.01809165 0.94465251 0.29683842 -0.13853262
1305031799.71725512 -0.08322726 -0.14900838 -0.18648652 0.02712260 0.91365408 0.37848555 -0.14577133
1305031799.91693592 -0.10333247 -0.08973629 -0.14381335 0.05097714 0.87348828 0.46073027 -0.14881925
1305031800.08502102 -0.10282315 -0.04138714 -0.10810972 0.07065979 0.83175593 0.52810022 -0.15588271
1305031800.08502102 -0.10282315 -0.04138714 -0.10810972 0.07065979 0.83175593 0.52810022 -0.15588271
1305031800.24936509 -0.09619903 0.00919655 -0.07085688 0.07759331 0.78637879 0.58756668 -0.17422135
1305031800.38609695 -0.09324522 0.05126426 -0.04450523 0.08687890 0.74367683 0.63552717 -0.18841985
1305031800.51771808 -0.09381323 0.07617887 -0.02492325 0.10315369 0.70093275 0.67411968 -0.20884265
1305031800.68539095 -0.09193933 0.10282870 -0.01451668 0.11668009 0.65596403 0.70919328 -0.23052515
1305031800.98545599 -0.10486719 0.13296855 -0.06575066 0.11547986 0.66642461 0.67511378 -0.29455734
1305031801.08545089 -0.10785286 0.10157874 -0.08546723 0.09026534 0.70253066 0.62667531 -0.32493214
1305031801.18386102 -0.11612793 0.07933315 -0.12032155 0.05546195 0.73188068 0.58126104 -0.35129794
1305031801.28533006 -0.11749308 0.03828028 -0.14101254 0.02538877 0.75982285 0.53237958 -0.37228569
1305031801.41725397 -0.09383668 -0.01941985 -0.14658379 -0.00690373 0.78908212 0.47700566 -0.38699786
1305031801.58512092 -0.10022067 -0.06395297 -0.16089991 -0.03293051 0.82147419 0.41444164 -0.39029971
1305031801.75248003 -0.10298365 -0.10762521 -0.16134127 -0.06784037 0.85681787 0.33594935 -0.38522571
1305031801.92144299 -0.10771385 -0.14609369 -0.16105172 -0.10062306 0.87749253 0.26680415 -0.38561303
1305031802.15348911 -0.11999104 -0.18580722 -0.15294337 -0.12524785 0.89110469 0.19191718 -0.39167998
1305031802.48528695 -0.13854597 -0.19101728 -0.13735591 -0.14167909 0.85780188 0.19458820 -0.45413478
1305031802.62110996 -0.14731748 -0.16952280 -0.13800453 -0.13323324 0.83239814 0.24923759 -0.47669998
1305031802.72156906 -0.15373394 -0.13130517 -0.13142394 -0.11115916 0.80027740 0.31050798 -0.50078390
1305031802.72156906 -0.15373394 -0.13130517 -0.13142394 -0.11115916 0.80027740 0.31050798 -0.50078390
1305031802.85383391 -0.17563550 -0.08654784 -0.12081848 -0.07625626 0.75377141 0.37626954 -0.53332437
1305031802.98147202 -0.19298342 -0.03497774 -0.12394247 -0.05149124 0.70570209 0.41362386 -0.57292976
1305031803.08156395 -0.20059236 0.00772009 -0.11696252 -0.04036434 0.66679936 0.42999933 -0.60733015
1305031803.18155599 -0.20683312 0.04421180 -0.09154476 0.02218867 -0.63248873 -0.44118559 0.63625540
1305031803.31757689 -0.20015988 0.07813845 -0.06428815 -0.00152440 -0.58868074 -0.45446946 0.66851341
1305031803.48146510 -0.18894171 0.10620418 -0.03863547 -0.03286087 -0.54275413 -0.46663641 0.69755902
1305031803.72161603 -0.17779060 0.12985081 0.00306259 -0.07638472 -0.49876539 -0.48252790 0.71593665
1305031803.92227411 -0.15828946 0.15073391 0.03795620 -0.13352145 -0.46013183 -0.52055650 0.70673308
1305031803.98140097 -0.14630922 0.14746471 0.03658792 -0.15525319 -0.44728322 -0.53200457 0.70200093
1305031804.12178898 -0.12336035 0.14649448 0.05353738 -0.19348639 -0.42324725 -0.54793126 0.69512309
1305031804.38155603 -0.13010328 0.13517099 0.09776468 -0.19013926 -0.43173854 -0.51871078 0.71301334
1305031804.48146105 -0.13791844 0.10702374 0.08922445 -0.14369775 -0.45318551 -0.49396996 0.72798869
1305031804.54940796 -0.14500118 0.08273363 0.07039368 -0.11269867 -0.46484406 -0.47645089 0.73770832
1305031804.62086606 -0.13963516 0.05504299 0.05121855 -0.08130115 -0.47477544 -0.45774548 0.74729343
1305031804.68156505 -0.14632794 0.03284752 0.04196334 -0.04840902 -0.48403634 -0.44032853 0.75463645
1305031804.74941611 -0.14789113 0.00761584 0.01849200 -0.00834722 -0.49049227 -0.42095418 0.76298443
1305031804.74941611 -0.14789113 0.00761584 0.01849200 -0.00834722 -0.49049227 -0.42095418 0.76298443
1305031804.82191110 -0.15194309 -0.01267815 -0.00301744 0.04353664 -0.49833257 -0.39694142 0.76954968
1305031804.88147092 -0.15496988 -0.03037848 -0.02802919 0.09671955 -0.50247734 -0.36861247 0.77607133
1305031804.98149109 -0.16109606 -0.04545587 -0.06450508 0.15269412 -0.50866633 -0.33043985 0.78022598
1305031805.12078500 -0.18265640 -0.07298443 -0.11129234 0.19928579 -0.51596048 -0.27769756 0.78546421
1305031805.31746411 -0.18719442 -0.09806435 -0.17523721 0.25466802 -0.51656249 -0.22932787 0.78467581
1305031805.44939899 -0.17757778 -0.11262501 -0.21739211 0.31481131 -0.50481652 -0.19156504 0.78061319
1305031805.58145595 -0.14763273 -0.11045551 -0.24166770 0.38432537 -0.49073350 -0.16015799 0.76539144
1305031805.84938312 -0.17601819 -0.08402421 -0.22477599 0.32969574 -0.45837713 -0.16529593 0.80862129
1305031805.98149490 -0.18385917 -0.07447297 -0.16002419 0.25593792 -0.44387004 -0.19116931 0.83721530
1305031806.11733198 -0.17229373 -0.06352751 -0.10831992 0.20878396 -0.41143044 -0.21191860 0.86152467
1305031806.24944091 -0.15324986 -0.04508847 -0.06356937 0.15233519 -0.37645097 -0.23343498 0.88350822
1305031806.34943104 -0.14619402 -0.02682669 -0.02899347 0.10623148 -0.35024205 -0.24788391 0.89699439
1305031806.48135495 -0.12320341 -0.01475801 0.01931116 0.04667689 -0.32631700 -0.26069074 0.90740224
1305031806.58172798 -0.11302660 0.00540122 0.05150283 0.00822283 -0.29765242 -0.26656831 0.91666611
1305031806.68138099 -0.10950861 0.01522075 0.08249665 -0.04118606 -0.27076549 -0.27077773 0.92285924
1305031806.81740999 -0.09657268 0.03434779 0.11383212 -0.09904255 -0.25342947 -0.26475551 0.92513166
1305031806.81740999 -0.09657268 0.03434779 0.11383212 -0.09904255 -0.25342947 -0.26475551 0.92513166
1305031806.94948602 -0.08216429 0.05358410 0.13369196 -0.14634085 -0.22932230 -0.25878663 0.92683608
1305031807.08151197 -0.07936281 0.06606308 0.14576514 -0.18327556 -0.20593177 -0.25098516 0.92790550
1305031807.38143897 -0.10889316 0.05423576 0.14761238 -0.15296295 -0.15202452 -0.19712361 0.95636456
1305031807.48151588 -0.12043930 0.02812467 0.13364280 -0.08499787 -0.13482893 -0.17407128 0.97174879
1305031807.54939699 -0.12617815 0.01209844 0.12061664 -0.03244215 -0.12093097 -0.16206855 0.97880386
1305031807.64939904 -0.13810936 -0.00428854 0.10208919 0.03722246 -0.09940758 -0.14438782 0.98381135
1305031807.74940109 -0.14673685 -0.02660356 0.07663431 0.10105350 -0.08633044 -0.12833112 0.98278501
1305031807.84944892 -0.15253282 -0.04758041 0.04708804 0.16146097 -0.08102866 -0.11210125 0.97713767
1305031807.98132396 -0.15938881 -0.07590483 -0.00152189 0.22621657 -0.07682657 -0.09744064 0.96614133
1305031808.14943290 -0.15609192 -0.12173455 -0.06587258 0.30592680 -0.08522049 -0.07756706 0.94505535
1305031808.31739497 -0.14146966 -0.15043278 -0.13674296 0.38276787 -0.09812444 -0.07336532 0.91568438
1305031808.51740909 -0.12841733 -0.16931505 -0.21748076 0.45586083 -0.09968861 -0.06708759 0.88190268
1305031808.68141508 -0.09105144 -0.13834547 -0.26197767 0.50602524 -0.08089644 -0.05041191 0.85723559
1305031808.84938908 -0.06401208 -0.13820434 -0.27539028 0.53414213 -0.03274066 -0.04016586 0.84380503
1305031809.01742005 -0.04858525 -0.15021796 -0.26662027 0.47245331 0.00994982 -0.02852770 0.88083769
1305031809.14942193 -0.03576743 -0.11953010 -0.21537673 0.41771228 0.04608506 -0.02060225 0.90717593
1305031809.14942193 -0.03576743 -0.11953010 -0.21537673 0.41771228 0.04608506 -0.02060225 0.90717593
1305031809.28166389 -0.04659099 -0.09840142 -0.17529728 0.36176872 0.07403386 0.00417552 0.92931423
1305031809.44942904 -0.05032856 -0.06841314 -0.14287932 0.29496785 0.09130394 0.02310145 0.95085429
1305031809.64944696 -0.08375344 -0.03876498 -0.10520504 0.23698029 0.10473733 0.03604554 0.96517934
1305031809.81747198 -0.10670974 -0.01144185 -0.08219636 0.18893143 0.11476783 0.05199156 0.97387378
1305031809.98145294 -0.12085629 0.01741422 -0.05999808 0.13462828 0.13278939 0.06827540 0.97958189
1305031810.14941907 -0.11698624 0.04661982 -0.04123979 0.08452427 0.14691290 0.08615198 0.98175867
1305031810.31748796 -0.10445741 0.07636620 -0.04120634 0.03202939 0.15992799 0.09331737 0.98218584
1305031810.44942689 -0.08716784 0.09989163 -0.04308385 -0.00684187 0.16134076 0.10986808 0.98074021
1305031810.58541608 -0.06918457 0.11607806 -0.04760228 -0.05324025 0.17060255 0.12509563 0.97591563
1305031810.84941506 -0.03372557 0.11971659 -0.06633209 -0.02603055 0.22073562 0.16284592 0.96129049
1305031810.98542309 -0.01959796 0.11232195 -0.07996903 0.03403423 0.26274059 0.16443349 0.95014245
1305031811.11744905 -0.01692679 0.09471258 -0.11213089 0.09060114 0.29309155 0.17176196 0.93615523
1305031811.28540111 -0.02465030 0.06982029 -0.15131713 0.13904839 0.33207389 0.17018799 0.91729413
1305031811.38542104 -0.04486583 0.05262304 -0.19011142 0.18199411 0.35998132 0.17070823 0.89897180
1305031811.51742291 -0.07362163 0.02953207 -0.21532607 0.23760064 0.39617663 0.15980478 0.87238320
1305031811.61743903 -0.08096097 -0.01658603 -0.22074574 0.26925161 0.42330325 0.15491726 0.85106908
1305031811.61743903 -0.08096097 -0.01658603 -0.22074574 0.26925161 0.42330325 0.15491726 0.85106908
1305031811.68543196 -0.10301120 -0.03030123 -0.22408844 0.30055268 0.43637537 0.15077709 0.83457228
1305031811.81744003 -0.14311472 -0.05411276 -0.22682081 0.35132734 0.45367768 0.14032142 0.80688014
1305031811.94944596 -0.18451912 -0.08432628 -0.24506526 0.39279545 0.46522703 0.12783991 0.78290006
1305031812.11742997 -0.23171988 -0.11668739 -0.27433637 0.44090319 0.48249190 0.11216389 0.74848194
1305031812.31743908 -0.29120034 -0.13806841 -0.29584743 0.48028492 0.50810180 0.10303970 0.70748977
1305031812.68543792 -0.30517850 -0.07646275 -0.29207066 0.41518528 0.57585676 0.13481384 0.69125639
1305031812.81759501 -0.25923511 -0.04231338 -0.26526786 0.35868722 0.58431561 0.17708450 0.70608769
1305031812.94955492 -0.24319056 -0.02190221 -0.24306441 0.30179820 0.58448988 0.22710572 0.71813120
1305031813.11743808 -0.20635752 0.00843131 -0.22550726 0.23200130 0.56485103 0.29674681 0.73420708
1305031813.28540301 -0.17051645 0.05628528 -0.19461857 0.17441175 0.52734397 0.35081844 0.75393322
1305031813.44944501 -0.16143920 0.08866058 -0.16104921 0.11468907 0.50664316 0.39880990 0.75571807
1305031813.58541298 -0.15923513 0.12068781 -0.13283331 0.06548035 0.48846502 0.43425006 0.75401667
1305031813.71743393 -0.16908223 0.13738577 -0.10610299 0.02309451 0.47878478 0.45783560 0.74874451
1305031813.84944201 -0.17704969 0.14679939 -0.07653508 -0.02171223 0.45650050 0.48151182 0.74785175
1305031813.94942999 -0.17377701 0.16145817 -0.04696329 -0.05412490 0.43565436 0.51255972 0.73794194
1305031814.34939098 -0.18951777 0.14276643 -0.02332505 -0.01643028 0.49652528 0.56839833 0.65583232
1305031814.34939098 -0.18951777 0.14276643 -0.02332505 -0.01643028 0.49652528 0.56839833 0.65583232
1305031814.48538899 -0.20030187 0.13778476 -0.05164222 0.02593490 0.55189997 0.56482801 0.61294626
1305031814.61752105 -0.22095689 0.12294059 -0.09022087 0.05875584 0.61295068 0.54996123 0.56425337
1305031814.68544292 -0.22980973 0.11972173 -0.10751981 0.07605674 0.63921293 0.53970990 0.54252689
1305031814.81765509 -0.24448378 0.10782310 -0.13619029 0.10217949 0.67995321 0.51291834 0.51394335
1305031814.94945312 -0.25139433 0.09138837 -0.15787437 0.11599244 0.71516599 0.48357242 0.49116299
1305031815.18544102 -0.26471465 0.06890845 -0.18104600 0.15419386 0.74170402 0.45246727 0.47050269
1305031815.54948401 -0.27334640 0.03209341 -0.20629800 0.18721788 0.77959226 0.38780612 0.45474365
