1305031452.79171991 0.00000000 0.00000000 0.00000000 0.00000000 0.00000000 0.00000000 1.00000000
1305031453.05975389 0.01133182 0.03904977 -0.01088154 0.01313410 0.06455661 0.04832750 0.99665661
1305031453.22368908 0.00544943 0.06647440 -0.02866626 0.02433979 0.13223313 0.05080260 0.98961663
1305031453.45968509 0.00354718 0.10512613 -0.08048274 0.04405434 0.19177168 0.10594872 0.97470904
1305031453.82777309 -0.09036866 0.18175069 -0.19849864 0.11228410 0.17530439 0.09702290 0.97326626
1305031453.95964098 -0.14313595 0.20090094 -0.20952153 0.11001520 0.11430001 0.07048477 0.98481676
1305031454.12770104 -0.20373497 0.20204470 -0.20731839 0.10841737 0.05678448 0.00666065 0.99245999
1305031454.25962710 -0.24841395 0.19967918 -0.19758603 0.10551383 -0.00249015 -0.05912690 0.99265535
1305031454.42746496 -0.30153482 0.20559966 -0.18844158 0.10476371 -0.04750077 -0.13108635 0.98467488
1305031454.62757993 -0.32902810 0.24464286 -0.19015848 0.09364960 -0.10095279 -0.22591448 0.96436556
1305031454.82756996 -0.31128296 0.28825795 -0.18997336 0.06932464 -0.15921127 -0.22601241 0.95852191
1305031455.42764211 -0.44140061 0.41546278 -0.19592874 0.01920250 -0.07542650 -0.10273723 0.99165880
1305031456.39161897 -0.84478069 0.28290010 -0.26536177 -0.00420491 0.10765814 -0.02642747 0.99382777
1305031457.09165502 -1.04114326 0.28910237 -0.03773228 -0.04767461 0.17516687 0.11567730 0.97655643
1305031457.92763305 -1.37523077 0.10630890 -0.05941308 0.01680919 0.33255760 0.19264672 0.92304395
1305031458.32762790 -1.48854763 -0.00147424 0.08899060 0.04490196 0.35592059 0.20327330 0.91103475
1305031458.55962801 -1.50307419 -0.01490895 0.20624860 0.13242402 0.39502185 0.19503807 0.88790865
1305031458.55962801 -1.50295911 -0.01475767 0.20664696 0.13272306 0.39522946 0.19485059 0.88781277
1305031458.82756400 -1.47502301 0.02623819 0.34699171 0.13520624 0.33561835 0.14598733 0.92074279
1305031459.12761807 -1.51172747 -0.05929012 0.46666142 0.17996944 0.31546886 0.17264795 0.91557801
1305031459.22760701 -1.53988891 -0.06659303 0.49829796 0.20696855 0.26505945 0.18287706 0.92383088
1305031459.39166689 -1.56556638 -0.03395999 0.55549379 0.22125763 0.33358478 0.26096285 0.87844445
1305031459.45967889 -1.59334431 -0.03283239 0.57241703 0.21776824 0.39363674 0.33629192 0.82736621
1305031459.55964708 -1.61774188 -0.03862763 0.61802425 0.20881545 0.43758686 0.42520785 0.76427228
1305031460.09171700 -1.68097113 -0.25734801 0.77335981 0.17845243 0.46819298 0.48670735 0.71558788
1305031461.22760701 -1.48560951 -0.57792149 0.90957950 0.09789269 0.58032434 0.54679001 0.59553453
1305031461.89172292 -1.45788332 -0.51281520 0.87605431 0.06784098 0.60401933 0.56173636 0.56125798
1305031462.12773895 -1.49704294 -0.43707968 0.87867077 0.06280636 0.57800397 0.62127864 0.52533763
1305031462.39169502 -1.53341063 -0.38965523 0.91047529 0.01599749 0.55388243 0.62629183 0.54837658
1305031462.72765207 -1.61454338 -0.34997048 0.93858584 -0.02991577 0.51252520 0.57753618 0.63472429
1305031463.49562907 -1.78044670 -0.14254329 0.69222458 0.00697794 0.46042848 0.45479596 0.76231067
1305031463.72758794 -1.75109505 -0.08374026 0.58495665 0.01871300 0.45900409 0.44231382 0.77027499
1305031464.02770305 -1.73798319 -0.07922482 0.39378868 0.02338917 0.46196842 0.37161288 0.80494844
1305031464.29566693 -1.74606962 -0.10522678 0.26470951 0.06361833 0.42230360 0.32623972 0.84331490
1305031464.29566693 -1.74589719 -0.10494399 0.26540985 0.06404571 0.42243373 0.32607701 0.84328031
1305031464.65974903 -1.68402701 -0.10628608 0.03116466 0.07072948 0.40925867 0.22736693 0.88080018
1305031464.82775903 -1.68536742 -0.11871669 -0.00849502 0.10343725 0.42038972 0.13029561 0.89196204
1305031465.05974889 -1.58822260 -0.09285947 -0.03602281 0.09581377 0.36267967 -0.00526670 0.92696032
1305031465.19556403 -1.51461794 -0.02724760 -0.00945733 0.04657304 0.31035977 -0.04260218 0.94852139
1305031465.35994792 -1.41494416 0.03132214 0.01112391 0.02497727 0.24792082 -0.00861465 0.96841995
1305031465.92749500 -1.09498978 0.35355167 -0.14344672 0.14979022 0.11750211 0.10186362 0.97641177
1305031466.19583297 -1.03173262 0.53735685 -0.20331970 0.15769891 0.11042914 0.10015425 0.97616883
1305031466.52753806 -0.92513037 0.63842965 -0.33755334 0.12947841 0.10697395 0.05053824 0.98449876
1305031467.25969410 -0.62233393 0.76977863 -0.50381101 0.12120483 0.01865799 -0.05640623 0.99084792
1305031468.15986395 -0.30262588 0.66874137 -0.45423610 0.16054297 -0.10798151 -0.12981415 0.97247840
1305031468.79579592 -0.22020083 0.31957065 -0.39905708 0.13773243 -0.12405821 -0.16143563 0.96931825
1305031469.22775412 -0.25019569 0.20683610 -0.32521721 0.02928659 -0.06889448 -0.21283722 0.97421567
1305031469.55964494 -0.25702926 0.22122739 -0.20780594 -0.01101887 -0.01471497 -0.24088662 0.97037915
1305031469.79562092 -0.26515654 0.27701365 -0.10819219 -0.05572256 0.00190451 -0.22206204 0.97343712
1305031469.99555111 -0.31024930 0.34844122 -0.04285519 -0.07823300 -0.00516326 -0.20270615 0.97609587
1305031470.19609189 -0.38170735 0.41967785 -0.01549612 -0.09081105 -0.00555823 -0.18894883 0.97776316
1305031470.19609189 -0.38197139 0.41942373 -0.01525128 -0.09174800 -0.00537992 -0.18873918 0.97771718
1305031470.35962391 -0.44390804 0.46686106 -0.00133091 -0.11779483 -0.00393942 -0.16666480 0.97894418
1305031470.55967689 -0.51904643 0.50710319 0.00777607 -0.12319702 -0.00810291 -0.15920433 0.97949519
1305031470.92768407 -0.62374110 0.52684308 0.01975324 -0.11906077 0.00024881 -0.11265236 0.98647550
1305031471.15964890 -0.67798135 0.51108256 0.01970478 -0.06685307 0.00688260 -0.08717416 0.99392352
1305031472.82762694 -0.79162109 0.48136535 0.00948308 -0.03354403 0.13887718 0.06024452 0.98790613
