1305032180.41676807 0.00000000 0.00000000 0.00000000 0.00000000 0.00000000 0.00000000 1.00000000
1305032181.58085704 0.00572734 0.40807464 -0.00332893 0.04392420 0.02621835 -0.05620975 0.99710768
1305032181.74899006 0.00298196 0.43083626 0.00371430 -0.00812091 0.05408576 -0.04962397 0.99726939
1305032182.31685400 -0.01113902 0.35681394 -0.00464592 0.00998455 0.01653708 -0.03885484 0.99905812
1305032183.01679301 -0.06672125 0.02234369 -0.00561411 -0.09153634 0.02794272 -0.10271008 0.99009643
1305032183.18075204 -0.09456059 -0.06417097 0.00208857 -0.05966314 0.05535869 -0.14603190 0.98592617
1305032183.28084111 -0.11121541 -0.08957022 0.02048104 -0.12087361 0.10830292 -0.08949654 0.98267513
1305032183.54879999 -0.17538098 -0.17500397 0.07308936 -0.10117474 0.19671472 -0.07101887 0.97263730
1305032184.64880204 -0.41061089 -0.13356640 0.27609396 -0.13800996 0.27971879 -0.03357909 0.94951730
1305032184.91806102 -0.46676034 -0.19433572 0.31535715 -0.13642595 0.25720867 -0.08602060 0.95280224
1305032185.01682997 -0.47894490 -0.20232066 0.31793353 -0.11244522 0.20480702 -0.07809033 0.96918113
1305032185.11690092 -0.48135852 -0.21095523 0.31505857 -0.10117348 0.13539141 -0.03915063 0.98483517
1305032185.38071299 -0.50126750 -0.22445429 0.34058740 -0.15823743 0.18196856 -0.10349835 0.96495412
1305032185.48075008 -0.53484093 -0.21694943 0.35845561 -0.13819324 0.27781729 -0.11376320 0.94381042
1305032186.83831596 -0.65269442 -0.31207385 0.54353920 -0.19596301 0.35932489 0.02166125 0.91214852
1305032186.93833494 -0.64905193 -0.31696900 0.54507220 -0.20415271 0.29642915 0.02696737 0.93259005
1305032187.67451501 -0.68919086 -0.34413235 0.62888571 -0.17870564 0.40556659 0.07629568 0.89317356
1305032187.67451501 -0.68956969 -0.34360802 0.63051891 -0.17870549 0.40465310 0.07664818 0.89355765
1305032188.13839293 -0.61414678 -0.31713148 0.72418499 -0.15443796 0.46387388 0.08221061 0.86845342
1305032188.37425494 -0.57542459 -0.30077210 0.77731052 -0.18308804 0.52785891 0.07569609 0.82590183
1305032189.07431102 -0.51412004 -0.31027673 0.91370079 -0.15177457 0.60313516 0.08696560 0.77822198
1305032189.67463112 -0.46694708 -0.25656033 0.96207315 -0.13111640 0.62174239 -0.00458421 0.77215535
1305032190.17438197 -0.44065032 -0.28613793 1.01606098 -0.16625065 0.67523496 0.03687487 0.71767592
1305032190.27443600 -0.44616985 -0.30684639 1.02953823 -0.13365010 0.73754866 0.04299541 0.66053843
1305032190.37455297 -0.46477160 -0.31209867 1.04737895 -0.11464225 0.78750247 0.03773032 0.60437856
1305032190.53957391 -0.49166392 -0.32883115 1.07924054 -0.12530367 0.82038093 0.08013575 0.55213438
1305032190.63835096 -0.49352984 -0.33987602 1.08574831 -0.13650094 0.83178088 0.14486583 0.51819104
1305032190.83929491 -0.50862468 -0.35431662 1.11113752 -0.09835091 0.87696680 0.15744151 0.44324767
1305032190.93829799 -0.50034389 -0.35964140 1.13202743 -0.09708685 0.90090005 0.18448644 0.38068096
1305032191.10736895 -0.50090819 -0.38250275 1.17315897 -0.03345443 0.92461493 0.16880416 0.33981346
1305032191.27536511 -0.49878587 -0.37949642 1.22163521 0.03323895 0.92453133 0.24561226 0.28950234
1305032191.37537193 -0.48701723 -0.38358485 1.24518789 0.02650495 0.90342877 0.27830468 0.32505453
1305032192.20746207 -0.57526228 -0.30386650 1.44386182 -0.04701208 0.93604083 0.21302779 0.27610975
1305032192.64268208 -0.64809402 -0.21128875 1.41318235 -0.08770841 0.91194248 0.14696778 0.37291906
1305032192.64268208 -0.64807148 -0.21057708 1.41461753 -0.08744261 0.91205859 0.14713744 0.37263050
1305032192.77567410 -0.67645600 -0.19637653 1.38253493 -0.10292229 0.87640566 0.15054193 0.44570983
1305032193.04260111 -0.71944813 -0.16740615 1.27165703 -0.14304570 0.80052979 0.11659740 0.57017105
1305032193.31077790 -0.76773166 -0.13274791 1.14544784 -0.11784641 0.72169323 0.11742920 0.67192373
1305032193.44080901 -0.77326658 -0.13012957 1.10023313 -0.11313521 0.66831089 0.07837893 0.73103880
1305032193.61096907 -0.78276293 -0.11277951 1.05265138 -0.08420960 0.60710503 0.05256938 0.78839627
1305032194.01111698 -0.80426142 -0.02765209 0.95897868 -0.07416895 0.61982191 0.04909262 0.77968563
1305032194.67855906 -0.85181908 0.01696492 0.98033003 -0.02457069 0.68141433 0.03425072 0.73068303
1305032194.87918901 -0.85139489 -0.03914469 1.02047776 -0.04022540 0.74134732 0.00158188 0.66991310
1305032195.07939506 -0.82444371 -0.09992694 1.09497667 -0.04980827 0.78060207 -0.04009476 0.62174911
1305032195.31176805 -0.77772328 -0.14093661 1.20413913 -0.03324049 0.84154581 -0.03530300 0.53800503
1305032195.61123395 -0.69225438 -0.16517512 1.34610381 -0.02474872 0.90126054 -0.02862288 0.43162214
1305032195.94600892 -0.59676236 -0.14611756 1.45016673 0.01804600 0.91859301 0.06514502 0.38938073
1305032196.11102200 -0.55431311 -0.16001455 1.48383775 0.00392504 0.92970582 0.12769282 0.34543628
1305032196.64720297 -0.43782610 -0.22130351 1.52550881 0.00585081 0.92533998 0.10808342 0.36335886
1305032196.87930608 -0.39630891 -0.25966555 1.52104516 0.04191875 0.92644147 0.07372541 0.36676093
1305032197.20635295 -0.36109745 -0.26602534 1.50210248 0.05191247 0.92567901 0.17253237 0.33265005
1305032197.20635295 -0.36041922 -0.26645399 1.50148908 0.05177167 0.92537603 0.17231888 0.33362418
1305032197.54613805 -0.33054300 -0.30928405 1.50812019 0.01298094 0.95122557 0.16997278 0.25711993
1305032197.84655809 -0.28371635 -0.33169324 1.51812804 0.13311234 0.95864026 0.16320126 0.19145575
1305032198.50636292 -0.18533309 -0.21494036 1.54649372 0.01751743 0.97635554 0.15132166 0.15337779
1305032199.34671688 -0.20512946 -0.07829277 1.61453866 0.07533855 0.97046286 0.16367796 0.16042278
1305032199.64230990 -0.21439210 0.02347748 1.63005939 0.05767558 0.97555572 0.15423976 0.14551514
1305032200.14232302 -0.18208546 0.08935086 1.62372510 0.06131282 0.98127820 0.16261595 0.08300528
1305032200.54232502 -0.05052996 0.00905695 1.60271627 0.02240346 0.98706387 0.15859352 0.00714801
1305032200.67435193 -0.02492610 -0.05176680 1.59271208 0.02602469 0.99072114 0.12835378 -0.03632700
1305032200.80656910 -0.00619480 -0.11740559 1.58288468 0.00699168 0.99483004 0.08318699 -0.05782940
1305032201.00636101 0.02175876 -0.18228099 1.57974209 0.00285501 0.99855325 0.02935407 -0.04496204
1305032201.34244895 0.00816221 -0.25070455 1.57769475 -0.02027125 0.99464287 -0.00231307 -0.10133748
1305032201.50642610 0.02487108 -0.28274300 1.58445749 -0.00878097 0.98530127 -0.01040351 -0.17028230
1305032201.84233904 0.07151337 -0.34496011 1.59531018 0.00635920 0.96817852 -0.02808432 -0.24859843
1305032202.00642490 0.12314085 -0.36730869 1.60457746 -0.00536870 0.94290544 -0.01237995 -0.33278708
1305032202.40654802 0.22342148 -0.37833541 1.55490329 0.03138758 0.95215697 0.02208716 -0.30318984
1305032202.47454405 0.21778875 -0.36965974 1.55692242 0.05068920 0.96317513 0.05173934 -0.25893498
1305032202.47454405 0.21824282 -0.36989766 1.55670008 0.05076506 0.96327396 0.05176884 -0.25854629
1305032202.57439899 0.21358034 -0.36594428 1.54592769 0.09300476 0.95752269 0.12414380 -0.24308174
1305032203.14233899 0.21439214 -0.41164192 1.52304690 0.02566053 0.93300109 0.19193987 -0.30333081
1305032204.07446599 0.33552897 -0.33565327 1.42018954 0.09969608 0.91051095 0.19852780 -0.34873659
1305032204.64234710 0.38513580 -0.27909159 1.44139079 0.12408215 0.89297038 0.23884975 -0.36077462
1305032205.31042290 0.45936353 -0.25612630 1.38248523 0.12633564 0.87083903 0.30139118 -0.36720845
1305032205.81036210 0.50657548 -0.27876273 1.31979394 0.07766825 0.89896736 0.27746125 -0.32990996
1305032205.94230700 0.51545828 -0.28713415 1.29718562 0.05520626 0.92324603 0.24412770 -0.29149734
1305032206.07453799 0.54431261 -0.30666564 1.28745725 -0.01398996 0.93424777 0.22036849 -0.28004126
1305032206.17444491 0.56420622 -0.32722560 1.27762483 -0.05546032 0.94396378 0.18079199 -0.27050101
1305032206.27435088 0.57802700 -0.33260771 1.25317549 -0.05167108 0.96018438 0.15070078 -0.22948930
1305032206.41039300 0.58482004 -0.33582338 1.22568147 -0.02653287 0.97787316 0.12323432 -0.16695328
1305032206.71022105 0.52584916 -0.28422480 1.18300861 0.03949742 0.96136640 0.14936638 -0.22782510
1305032206.81033111 0.50829361 -0.26673521 1.17737341 0.05208798 0.93784881 0.16546924 -0.30057676
1305032206.91044593 0.49129084 -0.24568497 1.18169622 0.07038549 0.90443230 0.18603066 -0.37741315
1305032207.04238009 0.47709300 -0.23686251 1.19812955 0.10705315 0.85479811 0.19884911 -0.46724603
1305032207.17439389 0.47582580 -0.23758543 1.22355394 0.11706979 0.80457069 0.20116313 -0.54634611
1305032207.17439389 0.47626690 -0.23782462 1.22332212 0.11699966 0.80476104 0.20102599 -0.54613121
1305032207.31035805 0.47831787 -0.24177468 1.24093823 0.11488406 0.75911204 0.21622542 -0.60315598
1305032207.51030207 0.46992560 -0.24604280 1.26398550 0.14126626 0.70718327 0.21235635 -0.65942433
1305032207.91044688 0.46185620 -0.27299592 1.27491016 -0.18460005 -0.64266893 -0.16616782 0.72476736
1305032208.11039209 0.48902084 -0.28014307 1.26792457 -0.17561075 -0.60810912 -0.09018044 0.76891589
1305032208.44239497 0.52741012 -0.27900349 1.22525889 -0.21123693 -0.53238524 -0.06870787 0.81683789
1305032209.07432508 0.55816876 -0.25619545 1.18343572 -0.23493458 -0.57753369 -0.13278710 0.77047269
1305032209.17436409 0.57263636 -0.26292418 1.18018427 -0.23981097 -0.64120482 -0.09845780 0.72225559
1305032209.47438502 0.60951133 -0.31167074 1.16024156 0.24667547 0.70475994 0.06948673 -0.66154080
1305032210.11038899 0.66154029 -0.44435717 1.12591179 0.21658903 0.75259030 0.09845363 -0.61400645
1305032211.07425499 0.63585756 -0.45215857 1.11880007 0.23721085 0.76752046 0.17300437 -0.56983580
1305032211.64241791 0.58878020 -0.36620254 1.10780350 0.24732910 0.72589722 0.10357377 -0.63338299
1305032212.11036706 0.47989553 -0.41346142 1.09239360 0.21528526 0.67928435 0.17807735 -0.67861144
1305032212.27456403 0.45493968 -0.46097944 1.08094255 -0.22395215 -0.61093152 -0.18472209 0.73653640
1305032212.77457500 0.37129727 -0.43860494 0.98050611 -0.20249166 -0.53144024 -0.18101141 0.80237352
1305032213.24239206 0.26849069 -0.44802903 0.87799874 -0.23596880 -0.42393675 -0.15952321 0.85973758
1305032213.84248710 0.22158276 -0.45215868 0.78870717 -0.28361456 -0.33082858 -0.12503371 0.89133709
1305032213.84248710 0.22200105 -0.45239001 0.78848824 -0.28339073 -0.33117926 -0.12502613 0.89127911
1305032214.21039104 0.15671855 -0.46008293 0.67933478 -0.29722221 -0.21216979 -0.09760446 0.92580576
1305032214.57843494 0.16948015 -0.47329764 0.64277581 -0.23136029 -0.23324532 -0.04683406 0.94333218
1305032214.67846894 0.19773820 -0.45572865 0.66005681 -0.18388045 -0.29010727 -0.03502260 0.93850902
1305032214.81051707 0.23633428 -0.43200930 0.67025635 -0.14196061 -0.27676072 -0.00409031 0.95038622
1305032214.97857690 0.25816450 -0.39991625 0.66100920 -0.12135339 -0.20399059 0.00973435 0.97137348
1305032215.07852888 0.26675805 -0.39830972 0.65590533 -0.09010902 -0.14977058 0.01843378 0.98443351
1305032215.17852998 0.26807755 -0.36147352 0.62665494 -0.04426818 -0.10175830 0.02992041 0.99337322
1305032215.37837505 0.27435191 -0.31935551 0.60566871 -0.09160240 -0.07945548 0.03299164 0.99207226
1305032215.54241705 0.28474266 -0.27163929 0.61417378 -0.15451920 -0.09159339 0.05934216 0.98194347
1305032215.74241090 0.30408007 -0.27816696 0.59308830 -0.11363218 -0.09062730 0.13824591 0.97967468
1305032216.11134601 0.30517649 -0.30138318 0.55867875 -0.06996310 -0.06686311 0.16547119 0.98145493
1305032216.54246998 0.31326259 -0.31600828 0.53683912 0.00562416 -0.04612992 0.16631729 0.98497663
1305032216.61053896 0.33383190 -0.30654603 0.51020982 0.08436958 -0.04098477 0.14745643 0.98461090
1305032216.67882800 0.34337645 -0.28658585 0.48461039 0.02622417 -0.09261899 0.07350108 0.99263871
1305032216.81033492 0.36402540 -0.29234309 0.52121195 -0.00871626 -0.16058196 0.08884675 0.98297697
1305032216.97833204 0.44901143 -0.25133862 0.54272998 -0.01852242 -0.24756878 0.10182555 0.96332662
1305032216.97833204 0.44889053 -0.25243915 0.54165656 -0.01876541 -0.24764193 0.10204525 0.96327987
1305032217.11042690 0.49117017 -0.22772597 0.56188424 -0.05220331 -0.31245681 0.02546222 0.94815464
1305032217.21038795 0.50267252 -0.21201508 0.57456454 -0.09391621 -0.34538333 -0.02320296 0.93346222
1305032217.44244409 0.55501204 -0.18409956 0.59032014 -0.13355464 -0.37175222 -0.07051104 0.91596487
1305032217.61050391 0.57858556 -0.16282793 0.59658782 -0.16423317 -0.42828733 -0.05930055 0.88661202
1305032218.44240594 0.57344426 -0.05788443 0.54905978 -0.20360682 -0.38806106 -0.04246277 0.89785845
1305032218.84243894 0.50387289 -0.08213080 0.45899472 -0.22265570 -0.27871858 -0.08541779 0.93029253
1305032219.41019797 0.29869404 -0.05385542 0.35652387 -0.20876412 -0.24279373 -0.07707189 0.94420796
1305032219.64255095 0.22100066 -0.02679837 0.37181281 -0.13433957 -0.22764177 -0.02110053 0.96420271
1305032220.40978098 0.04800335 -0.25395636 0.30978821 -0.23225615 -0.14912829 -0.01670655 0.96100922
1305032220.64150000 0.05280550 -0.34087184 0.26579454 -0.25285550 -0.08308999 -0.04082487 0.96306463
1305032220.74143100 0.04425926 -0.36978022 0.22898581 -0.21284870 -0.03762488 -0.08537476 0.97262066
1305032221.27737689 0.01063599 -0.31673833 0.13610693 -0.19749364 -0.08998120 -0.07303212 0.97343000
1305032221.67725897 0.02874701 -0.19078676 0.12125474 -0.22485955 -0.06514027 0.01638848 0.97207322
1305032223.34121299 0.00700475 -0.09310771 0.17221851 -0.12887464 -0.04542661 -0.05369541 0.98916356
1305032223.60800290 -0.06687422 -0.11473957 0.20594198 -0.13132886 0.04418424 0.09787554 0.98550538
1305032224.17584300 -0.16279248 -0.25335627 0.28977293 -0.14303877 0.07394507 -0.01772705 0.98679166
1305032224.17584300 -0.16141065 -0.25345885 0.28810353 -0.14297518 0.07330722 -0.01785452 0.98684617
1305032224.30891109 -0.15523795 -0.29504120 0.31297922 -0.10302010 0.04254774 0.01526429 0.99365162
1305032224.57578397 -0.15988861 -0.36428839 0.32893061 -0.12688708 0.13047421 0.02587504 0.98295810
1305032224.67577004 -0.17357108 -0.39554887 0.33747733 -0.09076513 0.15943768 -0.01739988 0.98287261
1305032224.77583408 -0.20111221 -0.42107531 0.33980802 -0.04528223 0.18588034 -0.05834505 0.97979277
1305032224.87573910 -0.24160641 -0.43666959 0.35808245 -0.00775228 0.24735550 -0.06490864 0.96671714
1305032225.27577400 -0.34929413 -0.45291758 0.43718588 -0.03874459 0.30744663 0.02213838 0.95051845
1305032225.37733698 -0.36314905 -0.43237892 0.45473118 -0.10520896 0.29672525 0.04923659 0.94787180
1305032225.47573400 -0.36814164 -0.38249768 0.47388062 -0.17838346 0.30680130 0.04803436 0.93367285
1305032225.57570004 -0.37747333 -0.33699432 0.48530777 -0.24859748 0.31606391 0.03533042 0.91490691
1305032225.67578602 -0.37109984 -0.29666175 0.49189730 -0.32201631 0.30740927 0.02374210 0.89512086
1305032225.77630711 -0.36253744 -0.26160919 0.49194759 -0.37333824 0.31612029 0.03129377 0.87161185
1305032226.24368691 -0.30167227 -0.27000585 0.49213719 -0.33404149 0.34488119 0.06858648 0.87451080
1305032226.40901899 -0.26653049 -0.27624198 0.49457622 -0.26876327 0.35191981 0.06705070 0.89410456
1305032226.67673302 -0.21634997 -0.26145721 0.48114439 -0.22217962 0.37125812 0.07249222 0.89863702
1305032227.07559991 -0.20804329 -0.28182055 0.44147381 -0.15645601 0.33481625 0.10086692 0.92371287
1305032227.20779300 -0.23125155 -0.29174630 0.44350242 -0.14977191 0.37044915 0.04059073 0.91579921
1305032227.20779300 -0.23116173 -0.29136445 0.44383873 -0.15021906 0.37077122 0.04044883 0.91560189
1305032227.54360795 -0.30782704 -0.29394739 0.38806646 -0.14897510 0.43093330 0.01001884 0.88994524
