1305031910.76523805 0.00000000 0.00000000 0.00000000 0.00000000 0.00000000 0.00000000 1.00000000
1305031911.03504992 -0.06535488 -0.02574571 0.04231491 0.01215151 -0.05760332 -0.05715679 0.99662796
1305031911.16517711 -0.09875824 -0.03573875 0.05171541 0.01663747 -0.12043883 -0.09779643 0.98775176
1305031911.36523509 -0.13525712 -0.04750411 0.07227225 0.02861430 -0.18482250 -0.14007182 0.97231772
1305031911.56533504 -0.17456009 -0.05550113 0.09410642 0.04494848 -0.23834201 -0.14540221 0.95918242
1305031911.79729700 -0.19832288 -0.04584525 0.11446959 0.05689308 -0.30253133 -0.19357479 0.93154000
1305031911.99725199 -0.20977808 -0.03579904 0.13063816 0.01741931 -0.37397113 -0.22806123 0.89879377
1305031912.29725003 -0.20435004 -0.05411424 0.14906845 0.02150446 -0.43196979 -0.30291031 0.84922612
1305031912.73312497 -0.17097237 -0.05386878 0.16383199 0.02159367 -0.50796475 -0.34905901 0.78718698
1305031913.19711304 -0.12526064 -0.07221259 0.18301325 0.04603100 -0.46485467 -0.31828318 0.82491642
1305031913.33312201 -0.10968498 -0.06838115 0.18817587 0.04434455 -0.42131691 -0.25939202 0.86789481
1305031913.49722695 -0.05943268 -0.05946426 0.19226937 0.05449645 -0.33804067 -0.19781155 0.91849292
1305031913.59713888 -0.05003811 -0.05024523 0.17848332 0.05750873 -0.26746776 -0.15597490 0.94911831
1305031913.69724298 -0.01883265 -0.02453064 0.15717865 0.05399301 -0.20073156 -0.11279420 0.97163216
1305031913.79710603 -0.00080120 -0.01228609 0.12954577 0.03147047 -0.13563248 -0.07257270 0.98759640
1305031913.89711595 0.02996985 0.00098735 0.10693312 0.01591079 -0.08574640 -0.02904195 0.99576652
1305031914.03344107 0.08722259 0.01640615 0.08180074 0.01005861 -0.03886346 0.02533413 0.99887268
1305031914.03344107 0.09850115 0.02518402 0.07579466 0.00901694 -0.04333564 0.02241519 0.99876838
1305031914.16501307 0.18589505 0.05079823 0.04486036 0.00824377 -0.00412408 0.06380990 0.99791950
1305031914.29716492 0.28561781 0.08166698 0.00432962 0.03034431 0.03578537 0.07790796 0.99585590
1305031914.49712706 0.44360623 0.13941507 -0.05470756 0.00522682 0.03430568 0.06451108 0.99731345
1305031914.69712901 0.59631606 0.19481624 -0.10540707 -0.01682117 0.04335384 0.03877004 0.99816551
1305031915.90123391 1.32664226 0.15902072 -0.17017689 -0.01350928 -0.24982914 -0.23494352 0.93925739
1305031916.16515493 1.43314288 0.08489974 -0.12985535 0.05031178 -0.32725771 -0.27412240 0.90289979
1305031916.33342600 1.51362146 0.03651442 -0.10355785 0.11181425 -0.39243195 -0.28441439 0.86752706
1305031916.50102496 1.56633702 -0.00991705 -0.11913790 0.18902939 -0.39948214 -0.26612796 0.85665501
1305031916.66513896 1.62547969 -0.05504058 -0.09573181 0.22502887 -0.46918908 -0.24895938 0.81684934
1305031916.86508489 1.65301440 -0.13126662 -0.03873874 0.25934759 -0.52184194 -0.22663279 0.78042130
1305031917.03315496 1.67140452 -0.21242527 0.00297150 0.28827019 -0.56525307 -0.19920628 0.74679724
1305031917.16504502 1.80903753 -0.22626621 0.02826531 0.34511379 -0.58902897 -0.17934275 0.70836256
1305031917.73300290 1.81221529 -0.31733303 0.19020843 0.26385471 -0.60801969 -0.23126181 0.71218728
1305031917.86510706 1.80116099 -0.33073750 0.27886487 0.19735459 -0.61277512 -0.26660683 0.71727165
1305031918.00109792 1.83131221 -0.35383936 0.31473758 0.13759435 -0.59914285 -0.31443385 0.72334431
1305031918.16501689 1.85192006 -0.39131467 0.38227935 0.09162822 -0.59433867 -0.37703402 0.70442258
1305031918.16501689 1.85273055 -0.39187049 0.38102105 0.09188075 -0.59388161 -0.37649905 0.70506101
1305031918.33316493 1.87629441 -0.42632825 0.46907119 0.05673200 -0.56908036 -0.43159519 0.69760635
1305031918.46508908 1.87975191 -0.46426298 0.54974591 0.02969872 -0.53492274 -0.47498738 0.69811362
1305031918.60102892 1.87321591 -0.51003767 0.63128026 0.01505550 -0.50690280 -0.49712279 0.70405384
1305031919.06514692 1.86804132 -0.68813486 0.80849688 0.06047680 -0.54633832 -0.58615296 0.59521567
1305031919.43325591 1.83942706 -0.80303035 0.95392760 -0.05317147 0.63612430 0.61900100 -0.45755484
1305031920.00105405 1.74316112 -1.01648462 1.08319923 -0.01580723 0.74133636 0.54919975 -0.38542207
1305031920.40111494 1.57625007 -1.05724514 1.15362263 -0.01846319 0.75523986 0.50789048 -0.41390714
1305031920.53310490 1.53619736 -1.07105054 1.15466225 -0.03958051 0.74486553 0.48600973 -0.45541549
1305031920.70114708 1.48902849 -1.09947023 1.15244718 -0.06067767 0.73268497 0.46050698 -0.49741760
1305031920.80103111 1.47158088 -1.11879130 1.15167905 -0.08139485 0.71066160 0.43822833 -0.54432610
1305031920.93307710 1.44334106 -1.14682481 1.15885371 -0.09808979 0.68758901 0.41114879 -0.59038667
1305031921.10110497 1.40013849 -1.19065762 1.16667018 0.10642314 -0.64346829 -0.39622868 0.64623951
1305031921.30118799 1.34963478 -1.23263552 1.17366860 0.12393462 -0.58692775 -0.40060630 0.69258258
1305031921.53309894 1.31100130 -1.28557533 1.18956509 0.12218099 -0.54156877 -0.36767754 0.74604845
1305031921.70106792 1.29432956 -1.31926420 1.21333061 0.13817981 -0.46915996 -0.33458908 0.80550941
1305031921.83312201 1.27576916 -1.32802898 1.22723051 0.14052972 -0.39207537 -0.30935752 0.85488375
1305031921.83312201 1.27683030 -1.32857398 1.22468024 0.13963049 -0.39160396 -0.30879729 0.85544953
1305031922.06516600 1.22450217 -1.35045318 1.24426389 0.13150190 -0.29194366 -0.26329565 0.91002832
1305031922.30113697 1.18302922 -1.35017895 1.25114705 0.12427883 -0.19917438 -0.22129857 0.94652590
1305031922.50131202 1.15160624 -1.33524695 1.25330967 0.10676145 -0.12037244 -0.20072127 0.96634541
1305031922.73323488 1.13243432 -1.32498996 1.26105744 0.09477870 -0.04828739 -0.17852428 0.97816890
1305031923.03318405 1.15362408 -1.31959420 1.26148713 0.11426109 0.02020706 -0.12582550 0.98524313
1305031923.33316898 1.19443484 -1.31032935 1.25177241 0.12807512 0.08271540 -0.07768700 0.98525106
1305031923.56519794 1.24882909 -1.29372820 1.21493602 0.13333299 0.12934762 -0.02243332 0.98233816
1305031923.90112090 1.35375753 -1.22328029 1.09573287 0.15861498 0.15472667 0.00427182 0.97513214
1305031925.20111704 1.61143967 -0.81931423 0.73725966 0.19856765 0.08138418 -0.01889051 0.97651966
1305031925.83314800 1.75720411 -0.57996740 0.61930910 0.18264259 0.11544019 0.00860943 0.97634068
1305031926.03315592 1.82262896 -0.50598790 0.56739948 0.14317579 0.13755306 0.04687329 0.97897025
1305031926.30105400 1.89051966 -0.40600187 0.46811642 0.12686125 0.18511368 0.07100842 0.97190378
1305031926.56912208 1.92474596 -0.33093761 0.34143430 0.13107482 0.25731907 0.11307901 0.95069418
1305031926.80134201 1.91852959 -0.29800335 0.26835844 0.12294488 0.32682042 0.17490811 0.92058684
1305031926.93334794 1.90508979 -0.26583692 0.24372764 0.11128103 0.38945337 0.23006826 0.88487920
1305031927.07052803 1.89712707 -0.23360848 0.22109534 0.08539212 0.44806280 0.28577055 0.84278295
1305031927.07052803 1.89522107 -0.23059582 0.20795118 0.08404362 0.45501259 0.29278701 0.83676519
1305031927.20121002 1.88114772 -0.18815608 0.21028331 0.05830857 0.49426041 0.34979903 0.79369225
1305031927.33313894 1.87888811 -0.12961282 0.20106570 0.02519771 0.50463627 0.40052007 0.76438928
1305031927.50113606 1.88387648 -0.04425982 0.17705759 -0.00445749 0.51633031 0.44981608 0.72873084
1305031927.93346500 1.89663654 0.13096893 0.08420097 -0.07052166 0.49343661 0.43997948 0.74697059
1305031928.26921606 1.91622544 0.26320272 -0.05969602 -0.09486060 0.51229889 0.45995984 0.71901896
1305031928.46923208 1.91107690 0.30194386 -0.13373731 -0.08662532 0.55755768 0.50298144 0.65470235
1305031928.63359499 1.89743240 0.31770318 -0.21096096 -0.05174525 0.61644905 0.53836314 0.57225705
1305031928.76920199 1.87542712 0.30474528 -0.26511529 -0.02702706 0.67151289 0.53455752 0.51243363
1305031928.90119696 1.85755918 0.26872593 -0.31797609 0.00033415 0.72269963 0.51909723 0.45633672
1305031929.00115490 1.84191098 0.23499160 -0.35968017 0.01774700 0.76573555 0.49452203 0.41083095
1305031929.10121298 1.82706708 0.19841406 -0.39848605 0.02754715 0.81035622 0.46355039 0.35733036
1305031929.20116305 1.81061450 0.16503502 -0.43299976 0.03880709 0.84845080 0.43245047 0.30267450
1305031929.33352900 1.79512569 0.09853176 -0.46848306 0.05815402 0.88884979 0.38948726 0.23423030
1305031929.50119805 1.77126819 0.01453496 -0.49146801 0.08174626 0.91746551 0.34416280 0.18200700
1305031929.63444710 1.75288899 -0.05721569 -0.49475086 0.08602459 0.93649819 0.30358671 0.15299025
1305031929.86924195 1.75105545 -0.15810280 -0.46992814 0.09341695 0.95621778 0.23890194 0.14087831
1305031929.86924195 1.74494130 -0.15623244 -0.48304541 0.08934123 0.95784141 0.23903404 0.13198750
1305031930.30110502 1.65095145 -0.19224779 -0.45478859 0.05763482 0.96413697 0.25075215 0.06512665
1305031930.43329000 1.63289866 -0.18869482 -0.45352553 0.02753006 0.95808618 0.28496515 0.01038465
1305031930.56900692 1.60167958 -0.16561070 -0.45173381 0.01189088 0.94284362 0.33184043 -0.02804372
1305031930.73319507 1.57662124 -0.12719600 -0.43288636 -0.00002895 0.91518023 0.40010050 -0.04862857
1305031930.90082908 1.54985994 -0.08660262 -0.41091365 -0.01152484 0.88820606 0.45537262 -0.05994119
1305031931.06890512 1.52889806 -0.04839468 -0.38660540 -0.02169209 0.85333697 0.51371670 -0.08625906
1305031931.20069599 1.50392759 -0.01535693 -0.37840896 -0.03019669 0.81735477 0.56070642 -0.12894826
1305031931.30095506 1.49385040 0.01861141 -0.37447800 -0.04619116 0.78418659 0.59090979 -0.18369373
1305031931.43289208 1.49841792 0.06273080 -0.38027174 -0.05725322 0.74751202 0.60707296 -0.26345828
1305031931.76891088 1.52134120 0.20728851 -0.43663720 -0.05704944 0.70091294 0.60224529 -0.37784523
1305031932.36883712 1.51296802 0.44192736 -0.55897272 0.01558065 0.69974426 0.59764924 -0.39106343
1305031932.56897211 1.50904951 0.50708845 -0.63815836 0.03227856 0.73157883 0.60040184 -0.32135362
1305031932.73284793 1.52014865 0.54137527 -0.71398305 0.03457546 0.76318392 0.60162431 -0.23324457
1305031932.90121388 1.52767514 0.56704214 -0.78382237 0.03546706 0.80194442 0.57608361 -0.15412628
1305031933.20094895 1.53171383 0.63692395 -0.85406141 0.00525326 0.83061185 0.53394285 -0.15799175
1305031933.50080895 1.53516272 0.68159241 -0.86570716 -0.00138521 0.82336224 0.51699278 -0.23407511
1305031933.50080895 1.55612208 0.69538097 -0.87023929 0.00306127 0.82607757 0.51799557 -0.22196187
1305031933.70093107 1.57016711 0.70776234 -0.84363555 -0.00142385 0.80969103 0.50279545 -0.30264690
1305031933.90094209 1.59008369 0.70707682 -0.79185574 -0.00432065 0.78216645 0.49343522 -0.38041906
1305031934.10091710 1.61467543 0.68827780 -0.72303919 -0.00863532 0.75841924 0.50634202 -0.41029678
1305031934.30093408 1.63496100 0.64328506 -0.64725578 -0.01197810 0.73576239 0.51712172 -0.43714454
1305031935.20095110 1.41136083 0.27219238 -0.38602729 -0.09715346 0.80140967 0.53069198 -0.25820490
1305031935.53690004 1.29620302 0.20310411 -0.40783280 -0.04847618 0.81148241 0.50306976 -0.29337209
1305031935.66910005 1.26294249 0.15341017 -0.42278295 -0.05795390 0.82584362 0.45707129 -0.32512998
1305031935.76897407 1.25683440 0.11470278 -0.42510761 -0.10607965 0.82890613 0.41427837 -0.36060389
1305031935.86902499 1.25249913 0.08110731 -0.40985103 -0.13388862 0.82788384 0.38038220 -0.38986096
1305031936.00081992 1.24819357 0.03989841 -0.41663720 -0.16674077 0.83078087 0.34959016 -0.39973414
1305031936.16889691 1.23002331 0.03761440 -0.43384703 -0.19325312 0.82961296 0.31182020 -0.42090821
1305031936.36892700 1.21394876 0.01668746 -0.42929718 -0.18611913 0.83389128 0.25693987 -0.45162695
1305031937.06876493 0.95345619 0.06900035 -0.35748203 -0.08833226 0.84575265 0.29342604 -0.43680777
1305031937.23689294 0.89381780 0.10916807 -0.33379657 -0.03164832 0.84532610 0.35465542 -0.39829850
1305031937.46882391 0.82196413 0.19072152 -0.30204153 0.03072063 0.81785556 0.43414189 -0.37641645
1305031937.63689089 0.79196252 0.25094750 -0.27773075 0.06398509 0.78427526 0.50174861 -0.35925834
1305031937.63689089 0.79802024 0.25602328 -0.27857794 0.06787699 0.78771833 0.50564929 -0.34526995
1305031937.80083394 0.76344669 0.31614630 -0.26497582 0.07938678 0.75323193 0.54984190 -0.35215519
1305031937.96883011 0.73745643 0.36433867 -0.25407129 0.08102395 0.71683596 0.57145382 -0.39118009
1305031938.13688493 0.70713982 0.39938754 -0.24513675 0.07977090 0.67796828 0.57790210 -0.44724129
1305031938.33690000 0.66833039 0.42775640 -0.21906337 0.09076917 0.63164207 0.57028635 -0.51726467
1305031938.53702807 0.62914369 0.43166047 -0.22000840 0.05940102 0.60998806 0.54984079 -0.56750435
1305031938.66874695 0.62910992 0.40728233 -0.22328016 0.01222307 0.61574759 0.52726547 -0.58540296
1305031938.80078101 0.63737375 0.36848575 -0.24211408 -0.04883542 0.62673202 0.50036675 -0.59536139
1305031938.90097594 0.64907218 0.33745023 -0.26109921 -0.09769644 0.63456322 0.47640114 -0.60068867
1305031939.00102997 0.66500564 0.28848282 -0.27588021 -0.12661544 0.64581934 0.45090567 -0.60296766
1305031939.16881490 0.68228573 0.23878830 -0.28553330 -0.16343624 0.66905268 0.40136692 -0.60378945
1305031939.30084205 0.70030019 0.20444218 -0.29225817 -0.20058960 0.69206393 0.35877111 -0.59337562
1305031939.40084791 0.71742228 0.16771551 -0.29249461 -0.22957354 0.71268494 0.31809467 -0.58154273
1305031939.66886711 0.75282760 0.09077550 -0.29683088 -0.25318081 0.73428035 0.25871641 -0.57428013
1305031939.90363312 0.76874158 0.05281806 -0.29146793 -0.24221153 0.70620726 0.24626260 -0.61802881
1305031940.03708792 0.76851134 0.05257392 -0.27590906 -0.22425810 0.67177335 0.25781580 -0.65723655
1305031940.16873693 0.73993571 0.07849091 -0.29056446 0.23286153 -0.63287970 -0.26241598 0.69020044
1305031940.16873693 0.74768585 0.08503585 -0.29210351 0.22925475 -0.64022021 -0.26466204 0.68375021
1305031940.33673191 0.70368237 0.12962989 -0.29907783 0.21633298 -0.60399104 -0.24637476 0.72642573
1305031940.43675590 0.67308878 0.16828014 -0.31120698 0.19561874 -0.56383041 -0.23641097 0.76677143
1305031940.56875801 0.64946224 0.20973216 -0.30238663 0.17330350 -0.52968636 -0.22342892 0.79967354
1305031940.73694706 0.62088053 0.23774180 -0.29461748 0.17203556 -0.49092255 -0.22254217 0.82454460
1305031940.90330505 0.58340563 0.26939164 -0.27710325 0.16079575 -0.45852439 -0.23926287 0.84062678
1305031941.17114401 0.47967880 0.32079338 -0.23321611 0.14029975 -0.41086211 -0.27092352 0.85913256
1305031941.53722000 0.33715298 0.33931930 -0.18363824 0.09266718 -0.35514167 -0.20087241 0.90826068
1305031941.83684802 0.21886582 0.36516405 -0.14078384 0.08350588 -0.27491951 -0.18690607 0.93942118
1305031942.63994193 -0.04733076 0.50870272 -0.04876720 0.07084957 -0.25512068 -0.20215254 0.94288288
1305031943.40424490 -0.11552869 0.36114978 0.07550806 0.06002195 -0.31933171 -0.23674418 0.91562919
1305031943.63802600 -0.10025155 0.26537569 0.08017267 0.08523622 -0.32995371 -0.22886967 0.91185745
1305031943.86887288 -0.09642492 0.17534044 0.05557260 0.12518923 -0.34223103 -0.23364319 0.90145241
1305031944.07088590 -0.10017019 0.12025995 0.04761828 0.17939187 -0.35395117 -0.22003266 0.89113565
1305031944.30693412 -0.05820782 0.10786040 0.01610046 0.21331429 -0.33553126 -0.17734519 0.90025800
1305031944.53906894 -0.00033229 0.12190322 -0.01481346 0.20526911 -0.26283448 -0.11985025 0.93510349
1305031944.70777392 0.03504609 0.12513917 -0.00727381 0.17296371 -0.20358685 -0.10941070 0.95742637
1305031944.70777392 0.04178323 0.12723628 -0.00774168 0.17170074 -0.20657644 -0.11095942 0.95683491
1305031944.87571907 0.06396214 0.12377218 -0.01014853 0.14622861 -0.14600927 -0.10010417 0.97328189
1305031945.06917691 0.09883605 0.09632228 -0.01237831 0.17973819 -0.11777328 -0.06710570 0.97433078
1305031945.20710707 0.14329874 0.08716095 -0.02472227 0.25380519 -0.14034747 -0.05564350 0.95540008
1305031945.43681788 0.20047548 0.05694567 -0.04348109 0.31624124 -0.16066822 -0.05490677 0.93336084
1305031945.73867297 0.31652141 0.06338064 -0.00465494 0.33882396 -0.14288424 -0.06076191 0.92794957
1305031945.86925793 0.36907628 0.08161071 0.03005991 0.29342777 -0.12142160 -0.06072274 0.94629260
1305031945.96930003 0.40864772 0.09501325 0.04133147 0.23474647 -0.09808712 -0.05390207 0.96559183
1305031946.06905699 0.44295297 0.10736479 0.04628127 0.18297321 -0.06509269 -0.04216630 0.98005395
1305031946.23736906 0.49421164 0.13312860 0.03947074 0.14544150 -0.03393664 -0.03208306 0.98826401
1305031946.50658607 0.55956086 0.22314261 -0.04767654 0.09170728 -0.06428613 -0.05396919 0.99224210
1305031946.96906400 0.68748789 0.36954168 -0.27010811 0.06413736 -0.04522687 -0.05625626 0.99532716
1305031947.90499496 1.16213041 0.36654414 -0.24305475 0.10407410 -0.24858252 -0.24588530 0.93108310
1305031948.70507503 1.40182169 0.13081161 0.08890637 0.07466674 -0.30861589 -0.33833351 0.88583946
1305031948.86883497 1.43621380 0.08674179 0.16227501 0.04950223 -0.27693805 -0.33818538 0.89804537
1305031949.00500607 1.45410692 0.06068706 0.23700718 -0.00878099 -0.26146156 -0.33820061 0.90398069
1305031949.13726306 1.46238952 0.04766797 0.31044292 -0.07185157 -0.25136929 -0.35066640 0.89926854
1305031949.13726306 1.46220403 0.04737199 0.30939108 -0.07214450 -0.25105293 -0.35092570 0.89923231
1305031949.40506411 1.49895443 0.00114944 0.39931724 -0.12284848 -0.30760211 -0.43684867 0.83633273
1305031949.70500302 1.52843685 -0.10907305 0.41460833 -0.06310681 -0.39049021 -0.46770233 0.79043624
1305031949.83696389 1.52521220 -0.16231134 0.39887710 -0.01020712 -0.41855672 -0.44975687 0.78893906
1305031949.93685794 1.52847862 -0.20054844 0.38662048 0.04236742 -0.44334112 -0.42839585 0.78621285
1305031950.03698897 1.53105950 -0.23847917 0.37201173 0.09242455 -0.44462207 -0.40060748 0.79579053
1305031950.13699698 1.52191486 -0.29464471 0.35199158 0.13902204 -0.44603064 -0.35322206 0.81053298
1305031950.23702693 1.53275374 -0.32815074 0.34256973 0.21373613 -0.45812280 -0.29134225 0.81213303
1305031950.33719707 1.54792691 -0.35398813 0.32823515 0.26850439 -0.45742514 -0.25702049 0.80784163
1305031950.46897602 1.57029791 -0.36745985 0.30980469 0.32702438 -0.47340180 -0.22492906 0.78635406
1305031950.83713508 1.54468186 -0.36908583 0.40428786 0.25390694 -0.47024780 -0.25277832 0.80653666
1305031951.00483608 1.55248228 -0.36437947 0.44792596 0.18171313 -0.46500429 -0.29338432 0.81527724
1305031951.20491409 1.60457708 -0.34948238 0.50365649 0.13820848 -0.47359382 -0.34836924 0.79702333
1305031951.36883998 1.66308120 -0.36107035 0.55236755 0.10620888 -0.47852412 -0.43128413 0.75744857
1305031951.53688788 1.70991992 -0.38592801 0.61812810 0.07524530 -0.45790686 -0.47433066 0.74811087
1305031951.66892910 1.73860271 -0.41742669 0.68083213 0.04693452 -0.43534050 -0.48673020 0.75588988
1305031951.80488610 1.75031281 -0.44086986 0.74927052 0.01235271 -0.40262745 -0.49747929 0.76827918
1305031951.80488610 1.75048589 -0.44088596 0.74857574 0.01218755 -0.40219363 -0.49739921 0.76856084
1305031951.93696189 1.75293374 -0.46859209 0.81821699 -0.01661909 -0.36807570 -0.50106701 0.78305552
1305031952.53694797 1.68501781 -0.62871934 0.99578016 -0.00061872 -0.47152337 -0.54082783 0.69654188
1305031952.76895690 1.66199278 -0.66506482 1.01456870 0.03068986 -0.51675044 -0.50159403 0.69313097
1305031952.90492010 1.64217619 -0.68288002 1.02564688 0.04603096 -0.58294873 -0.47640994 0.65657101
1305031953.03694296 1.64374714 -0.71278838 1.03544360 -0.06098292 0.63539013 0.46495320 -0.61349734
1305031953.37296391 1.63144032 -0.77362909 1.02630289 -0.09602932 0.68341181 0.46899568 -0.55115309
1305031953.97285700 1.69995306 -0.74611884 0.95128483 -0.01269252 0.63146637 0.46580393 -0.61977078
1305031954.13693905 1.71279573 -0.72854552 0.91867070 0.03036661 -0.56212948 -0.48689561 0.66784802
1305031955.27290511 1.80135402 -0.49160584 0.56979362 0.06066661 -0.41346637 -0.45866943 0.78421138
