1305032180.41676807 0.00000000 0.00000000 0.00000000 0.00000000 0.00000000 0.00000000 1.00000000
1305032181.58085704 0.00571941 0.40820077 -0.00320728 0.04387820 0.02627789 -0.05617036 0.99711036
1305032181.74899006 0.00296361 0.43108555 0.00395569 -0.00823176 0.05419390 -0.04954203 0.99726669
1305032182.31685400 -0.01115677 0.35720059 -0.00426642 0.00983518 0.01671847 -0.03873524 0.99906123
1305032183.01679301 -0.06669100 0.02292925 -0.00499603 -0.09177272 0.02814060 -0.10237284 0.99010387
1305032183.18075204 -0.09453216 -0.06345124 0.00287321 -0.05991720 0.05558193 -0.14556205 0.98596768
1305032183.28084111 -0.11120373 -0.08872612 0.02141468 -0.12116888 0.10850587 -0.08899980 0.98266149
1305032183.54879999 -0.17543396 -0.17405142 0.07425954 -0.10146470 0.19684091 -0.07046888 0.97262156
1305032184.64880204 -0.41119933 -0.13260166 0.27776690 -0.13834610 0.27970992 -0.03302066 0.94949058
1305032184.91806102 -0.46746003 -0.19329213 0.31728589 -0.13673525 0.25721966 -0.08524822 0.95282436
1305032185.01682997 -0.47968071 -0.20116727 0.32000337 -0.11278285 0.20493699 -0.07724885 0.96918186
1305032185.11690092 -0.48210211 -0.20968448 0.31725154 -0.10155488 0.13570952 -0.03833081 0.98478438
1305032185.38071299 -0.50207562 -0.22308083 0.34296609 -0.15861210 0.18210425 -0.10237845 0.96498647
1305032185.48075008 -0.53578612 -0.21549195 0.36102217 -0.13851957 0.27769952 -0.11261132 0.94393538
1305032186.83831596 -0.65402470 -0.31064700 0.54673020 -0.19651970 0.35893317 0.02256388 0.91216109
1305032186.93833494 -0.65037473 -0.31521809 0.54865074 -0.20471989 0.29609253 0.02802992 0.93254132
1305032187.67451501 -0.69068791 -0.34213193 0.63306379 -0.17951723 0.40488373 0.07731160 0.89323325
1305032187.67451501 -0.69047280 -0.34264612 0.63269336 -0.17925190 0.40423763 0.07731194 0.89357907
1305032188.13839293 -0.61422759 -0.31703598 0.72428669 -0.15475538 0.46377004 0.08245789 0.86842894
1305032188.37425494 -0.57479858 -0.30173743 0.77519902 -0.18315914 0.52821084 0.07542878 0.82568549
1305032189.07431102 -0.51277574 -0.31217494 0.90944662 -0.15158020 0.60388934 0.08597870 0.77778452
1305032189.67463112 -0.46491286 -0.25947406 0.95575827 -0.13081217 0.62270202 -0.00619590 0.77142205
1305032190.17438197 -0.43804754 -0.29008119 1.00772830 -0.16568646 0.67629526 0.03452644 0.71692444
1305032190.27443600 -0.44293905 -0.31192526 1.01902948 -0.13312987 0.73813047 0.03985000 0.66019075
1305032190.37455297 -0.46078101 -0.31825879 1.03465103 -0.11432792 0.78735236 0.03399666 0.60485504
1305032190.53957391 -0.48686733 -0.33601839 1.06428905 -0.12507358 0.81975176 0.07545513 0.55377809
1305032190.63835096 -0.48811170 -0.34821063 1.06865364 -0.13643586 0.83108927 0.13897803 0.52092321
1305032190.83929491 -0.50246002 -0.36367698 1.09192081 -0.09926652 0.87538350 0.15139832 0.44825042
1305032190.93829799 -0.49358736 -0.37002735 1.11095683 -0.09876713 0.89900169 0.17829742 0.38762229
1305032191.10736895 -0.49357573 -0.39382340 1.15036942 -0.03560707 0.92222984 0.16346904 0.34857157
1305032191.27536511 -0.49094639 -0.39115313 1.19804097 0.03097532 0.92267712 0.24079567 0.29954117
1305032191.37537193 -0.47890910 -0.39586819 1.22063569 0.02395142 0.90172909 0.27178193 0.33532903
1305032192.20746207 -0.56433452 -0.31390577 1.41969371 -0.05011972 0.93372491 0.20722461 0.28758262
1305032192.64268208 -0.63486752 -0.22149026 1.38597856 -0.08995072 0.90860473 0.13907342 0.38341217
1305032192.64268208 -0.63447221 -0.22149132 1.38611679 -0.08990967 0.90847531 0.13895954 0.38376960
1305032192.77567410 -0.66204437 -0.20820184 1.35151892 -0.10463447 0.87306672 0.14020531 0.45513581
1305032193.04260111 -0.70408204 -0.18101922 1.23577841 -0.14206589 0.79927699 0.10452598 0.57449796
1305032193.31077790 -0.75135986 -0.14826926 1.10380545 -0.11568466 0.72383157 0.10454431 0.67212752
1305032193.44080901 -0.75658760 -0.14700929 1.05574612 -0.11030698 0.67259243 0.06586605 0.72877531
1305032193.61096907 -0.76552256 -0.13079056 1.00515602 -0.08116289 0.61350027 0.04019730 0.78448338
1305032194.01111698 -0.78602411 -0.04504751 0.90898160 -0.07124652 0.62563691 0.03711985 0.77596682
1305032194.67855906 -0.83252442 0.00140818 0.93110286 -0.02322395 0.68429698 0.02266843 0.72848091
1305032194.87918901 -0.83305596 -0.05459759 0.97299193 -0.03970053 0.74136780 -0.00872670 0.66986677
1305032195.07939506 -0.80725737 -0.11491593 1.05087664 -0.04973515 0.77854875 -0.04874523 0.62370840
1305032195.31176805 -0.76148001 -0.15464345 1.16489362 -0.03426709 0.83716381 -0.04270667 0.54420462
1305032195.61123395 -0.67710981 -0.17696689 1.31320036 -0.02635287 0.89586727 -0.03435122 0.44220736
1305032195.94600892 -0.58250270 -0.15604830 1.42251767 0.01550210 0.91394372 0.05938592 0.40117313
1305032196.11102200 -0.54093799 -0.16933315 1.45843090 0.00115041 0.92586819 0.12176520 0.35768703
1305032196.64720297 -0.42686768 -0.23058859 1.50371109 0.00323902 0.92142771 0.10226131 0.37483745
1305032196.87930608 -0.38657357 -0.26905793 1.50053786 0.03954117 0.92242807 0.06914339 0.37786524
1305032197.20635295 -0.35215428 -0.27536556 1.48254941 0.04942585 0.92267383 0.16754706 0.34374129
1305032197.20635295 -0.35175476 -0.27536708 1.48268393 0.04943943 0.92253598 0.16744441 0.34415908
1305032197.54613805 -0.32292486 -0.31808469 1.49059432 0.01073140 0.94896327 0.16627413 0.26778063
1305032197.84655809 -0.27684199 -0.34048720 1.50158084 0.13290749 0.95661258 0.16251304 0.20203334
1305032198.50636292 -0.17849933 -0.22264116 1.53211063 0.01593059 0.97492653 0.14995433 0.16364038
1305032199.34671688 -0.19671925 -0.08433695 1.60097630 0.07434983 0.96896265 0.16270500 0.17061817
1305032199.64230990 -0.20493758 0.01822975 1.61673805 0.05652097 0.97422347 0.15335236 0.15548975
1305032200.14232302 -0.17247753 0.08443040 1.61098947 0.06067022 0.98049489 0.16269895 0.09207579
1305032200.54232502 -0.04324721 0.00370426 1.59181682 0.02192904 0.98686644 0.15936222 0.01474535
1305032200.67435193 -0.01844053 -0.05730768 1.58219095 0.02630997 0.99078055 0.12952122 -0.02976480
1305032200.80656910 -0.00044492 -0.12315115 1.57264168 0.00747333 0.99506692 0.08425144 -0.05184267
1305032201.00636101 0.02670270 -0.18818937 1.56998242 0.00351027 0.99879327 0.02996826 -0.03875034
1305032201.34244895 0.01274713 -0.25675272 1.56783439 -0.01930562 0.99513347 -0.00170147 -0.09661144
1305032201.50642610 0.02905617 -0.28873702 1.57502788 -0.00702135 0.98581805 -0.00952149 -0.16740014
1305032201.84233904 0.07479166 -0.35103968 1.58676206 0.00906041 0.96840847 -0.02716797 -0.24771931
1305032202.00642490 0.12577171 -0.37331868 1.59696465 -0.00230836 0.94264714 -0.01125317 -0.33359318
1305032202.40654802 0.22497843 -0.38467454 1.54830445 0.03453883 0.95199859 0.02324948 -0.30325766
1305032202.47454405 0.21945783 -0.37578162 1.55040466 0.05360493 0.96320076 0.05302122 -0.25799139
1305032202.47454405 0.21991117 -0.37584731 1.55033780 0.05357645 0.96331373 0.05303240 -0.25757287
1305032202.57439899 0.21530466 -0.37176391 1.53956373 0.09595129 0.95740288 0.12554926 -0.24168255
1305032203.14233899 0.21580997 -0.41761623 1.51664244 0.02766467 0.93278492 0.19342094 -0.30287835
1305032204.07446599 0.33626289 -0.34179983 1.41460926 0.10270112 0.90987711 0.19941273 -0.34901387
1305032204.64234710 0.38582795 -0.28474701 1.43674394 0.12701782 0.89227927 0.23939146 -0.36110374
1305032205.31042290 0.45955473 -0.26185827 1.37841170 0.12882828 0.87027921 0.30157481 -0.36751870
1305032205.81036210 0.50624642 -0.28474091 1.31592332 0.07960189 0.89860193 0.27830438 -0.32973440
1305032205.94230700 0.51500342 -0.29308377 1.29339520 0.05680831 0.92304041 0.24535142 -0.29081249
1305032206.07453799 0.54357742 -0.31257126 1.28404181 -0.01316675 0.93417569 0.22187386 -0.27913151
1305032206.17444491 0.56325223 -0.33308739 1.27448491 -0.05496533 0.94398196 0.18236813 -0.26947864
1305032206.27435088 0.57694168 -0.33842878 1.25015868 -0.05130642 0.96034963 0.15213387 -0.22792878
1305032206.41039300 0.58365066 -0.34160020 1.22270380 -0.02618475 0.97814147 0.12440998 -0.16454722
1305032206.71022105 0.52516305 -0.28980226 1.17941929 0.04075213 0.96143508 0.15065166 -0.22646398
1305032206.81033111 0.50777465 -0.27210535 1.17375880 0.05372599 0.93767581 0.16661808 -0.30019329
1305032206.91044593 0.49095994 -0.25080656 1.17811992 0.07231620 0.90396080 0.18680900 -0.37779311
1305032207.04238009 0.47689886 -0.24172825 1.19466905 0.10916934 0.85404042 0.19892273 -0.46810977
1305032207.17439389 0.47566969 -0.24219446 1.22035116 0.11897909 0.80380671 0.20068910 -0.54723179
1305032207.17439389 0.47611340 -0.24225882 1.22027581 0.11882846 0.80402117 0.20059399 -0.54698428
1305032207.31035805 0.47816533 -0.24598730 1.23813524 0.11638078 0.75859734 0.21544353 -0.60379606
1305032207.51030207 0.46983029 -0.25001793 1.26136515 0.14237256 0.70700089 0.21128559 -0.65972585
1305032207.91044688 0.46172997 -0.27680819 1.27241990 -0.18520437 -0.64297689 -0.16515620 0.72457125
1305032208.11039209 0.48874825 -0.28382039 1.26575299 -0.17616406 -0.60865089 -0.08959759 0.76842865
1305032208.44239497 0.52694093 -0.28261906 1.22335446 -0.21135589 -0.53365418 -0.06837790 0.81600635
1305032209.07432508 0.55760398 -0.25970723 1.18175334 -0.23503214 -0.57825180 -0.13214038 0.77001537
1305032209.17436409 0.57200285 -0.26628243 1.17873126 -0.24022021 -0.64120262 -0.09795887 0.72218939
1305032209.47438502 0.60861524 -0.31496826 1.15909108 0.24739529 0.70422383 0.06916998 -0.66187604
1305032210.11038899 0.66014560 -0.44774091 1.12508669 0.21754815 0.75190902 0.09823195 -0.61453732
1305032211.07425499 0.63451689 -0.45536465 1.11797745 0.23822867 0.76688947 0.17274725 -0.57033852
1305032211.64241791 0.58774599 -0.36910895 1.10689613 0.24801174 0.72536144 0.10333020 -0.63376954
1305032212.11036706 0.47907573 -0.41616125 1.09111700 0.21564585 0.67909477 0.17771920 -0.67878056
1305032212.27456403 0.45410267 -0.46352686 1.07968890 -0.22394765 -0.61110485 -0.18444545 0.73646330
1305032212.77457500 0.37069337 -0.44096053 0.97897149 -0.20224734 -0.53209445 -0.18088981 0.80202892
1305032213.24239206 0.26815444 -0.45018244 0.87619693 -0.23551879 -0.42507810 -0.15974015 0.85925700
1305032213.84248710 0.22136689 -0.45414312 0.78689039 -0.28316467 -0.33214426 -0.12553993 0.89091958
1305032213.84248710 0.22179395 -0.45420404 0.78681944 -0.28295916 -0.33237428 -0.12549918 0.89090483
1305032214.21039104 0.15667521 -0.46171105 0.67766084 -0.29691587 -0.21336101 -0.09825146 0.92556183
1305032214.57843494 0.16938799 -0.47477163 0.64128112 -0.23114107 -0.23431977 -0.04730233 0.94309625
1305032214.67846894 0.19761061 -0.45704906 0.65876223 -0.18371417 -0.29102432 -0.03535205 0.93824527
1305032214.81051707 0.23616288 -0.43318039 0.66917714 -0.14187854 -0.27757402 -0.00435444 0.95016008
1305032214.97857690 0.25799204 -0.40092847 0.66011527 -0.12129097 -0.20471785 0.00950741 0.97123051
1305032215.07852888 0.26658636 -0.39915596 0.65516825 -0.09005420 -0.15037091 0.01824449 0.98435053
1305032215.17852998 0.26793378 -0.36214954 0.62607311 -0.04422442 -0.10221506 0.02979053 0.99333217
1305032215.37837505 0.27423184 -0.31986117 0.60524497 -0.09154429 -0.07976633 0.03288128 0.99205635
1305032215.54241705 0.28465208 -0.27208272 0.61380332 -0.15446874 -0.09186813 0.05925228 0.98193117
1305032215.74241090 0.30399778 -0.27855072 0.59277160 -0.11362239 -0.09086759 0.13820154 0.97965982
1305032216.11134601 0.30510793 -0.30170356 0.55840667 -0.06996740 -0.06706319 0.16545045 0.98144447
1305032216.54246998 0.31320832 -0.31626611 0.53661386 0.00561350 -0.04629231 0.16631488 0.98496948
1305032216.61053896 0.33379270 -0.30674250 0.51003657 0.08435686 -0.04110873 0.14746487 0.98460556
1305032216.67882800 0.34335805 -0.28672057 0.48448506 0.02621363 -0.09270731 0.07349861 0.99263092
1305032216.81033492 0.36402243 -0.29241624 0.52112819 -0.00873414 -0.16063558 0.08884715 0.98296801
1305032216.97833204 0.44901704 -0.25135267 0.54269433 -0.01854369 -0.24758468 0.10182866 0.96332180
1305032216.97833204 0.44891616 -0.25239127 0.54166286 -0.01878518 -0.24762157 0.10205628 0.96328355
1305032217.11042690 0.49121117 -0.22761807 0.56192695 -0.05223044 -0.31241177 0.02547809 0.94816757
1305032217.21038795 0.50273172 -0.21184741 0.57464511 -0.09395942 -0.34531668 -0.02318375 0.93348301
1305032217.44244409 0.55508703 -0.18387214 0.59042728 -0.13362048 -0.37166939 -0.07049435 0.91599016
1305032217.61050391 0.57867799 -0.16254202 0.59672690 -0.16430521 -0.42820830 -0.05929150 0.88663745
1305032218.44240594 0.57354742 -0.05756903 0.54923714 -0.20370611 -0.38793784 -0.04245237 0.89788966
1305032218.84243894 0.50400687 -0.08174802 0.45926470 -0.22281199 -0.27851464 -0.08536637 0.93032091
1305032219.41019797 0.29881193 -0.05343879 0.35693966 -0.20894394 -0.24254289 -0.07699331 0.94423906
1305032219.64255095 0.22110153 -0.02633652 0.37230369 -0.13449311 -0.22733714 -0.02102372 0.96425486
1305032220.40978098 0.04811379 -0.25339187 0.31048234 -0.23247374 -0.14880912 -0.01651184 0.96100945
1305032220.64150000 0.05297593 -0.34021831 0.26655073 -0.25309750 -0.08279241 -0.04053296 0.96303902
1305032220.74143100 0.04445913 -0.36906222 0.22979411 -0.21310895 -0.03733999 -0.08499655 0.97260778
1305032221.27737689 0.01081444 -0.31599959 0.13694291 -0.19777743 -0.08966373 -0.07267204 0.97342862
1305032221.67725897 0.02890844 -0.19000999 0.12207272 -0.22513010 -0.06479848 0.01665851 0.97202885
1305032223.34121299 0.00710972 -0.09229316 0.17307334 -0.12916420 -0.04503697 -0.05336253 0.98916163
1305032223.60800290 -0.06683066 -0.11388272 0.20691924 -0.13158859 0.04455655 0.09803825 0.98543780
1305032224.17584300 -0.16279648 -0.25244326 0.29097617 -0.14334533 0.07428613 -0.01727177 0.98672964
1305032224.17584300 -0.16139440 -0.25248879 0.28934213 -0.14329588 0.07365942 -0.01736787 0.98678211
1305032224.30891109 -0.15516988 -0.29399582 0.31428192 -0.10332852 0.04299333 0.01571268 0.99359343
1305032224.57578397 -0.15976605 -0.36317567 0.33031900 -0.12721559 0.13077924 0.02636562 0.98286206
1305032224.67577004 -0.17343488 -0.39438696 0.33893980 -0.09108708 0.15970749 -0.01680365 0.98280939
1305032224.77583408 -0.20099505 -0.41988419 0.34135544 -0.04558345 0.18611816 -0.05766039 0.97977419
1305032224.87573910 -0.24155024 -0.43546126 0.35973911 -0.00803351 0.24748940 -0.06423343 0.96672567
1305032225.27577400 -0.34947817 -0.45175227 0.43909651 -0.03910639 0.30744777 0.02264754 0.95049127
1305032225.37733698 -0.36336885 -0.43116457 0.45670132 -0.10562316 0.29669601 0.04977181 0.94780694
1305032225.47573400 -0.36839962 -0.38121765 0.47588163 -0.17883502 0.30668320 0.04865390 0.93359319
1305032225.57570004 -0.37777975 -0.33565968 0.48734136 -0.24906933 0.31584906 0.03606063 0.91482428
1305032225.67578602 -0.37139618 -0.29540400 0.49373528 -0.32246641 0.30714857 0.02452099 0.89502731
1305032225.77630711 -0.36281069 -0.26043060 0.49358535 -0.37379440 0.31580212 0.03205054 0.87150417
1305032226.24368691 -0.30174965 -0.26883939 0.49353123 -0.33453942 0.34455936 0.06921842 0.87439752
1305032226.40901899 -0.26648816 -0.27512055 0.49576475 -0.26923512 0.35164534 0.06762316 0.89402747
1305032226.67673302 -0.21617613 -0.26036845 0.48209473 -0.22263535 0.37099798 0.07300247 0.89859036
1305032227.07559991 -0.20780945 -0.28083256 0.44223795 -0.15685428 0.33462418 0.10128841 0.92366880
1305032227.20779300 -0.23102622 -0.29088244 0.44412184 -0.15009885 0.37023102 0.04106085 0.91581294
1305032227.20779300 -0.23090395 -0.29057572 0.44432263 -0.15052482 0.37054921 0.04090333 0.91562136
1305032227.54360795 -0.30770809 -0.29329766 0.38857464 -0.14925744 0.43072935 0.01043826 0.88999185
