1305031790.64515495 0.00000000 0.00000000 0.00000000 0.00000000 0.00000000 0.00000000 1.00000000
1305031790.81320691 0.01935031 0.02632172 0.01136387 -0.05093726 0.00456995 0.02669951 0.99833444
1305031790.98115897 0.03807908 0.03277119 0.01261308 -0.09103486 0.02780233 0.06127217 0.99357204
1305031791.11313605 0.06150131 0.00801625 -0.01513216 -0.04884102 0.06308446 0.08911002 0.99282139
1305031791.18128705 0.06420030 -0.00056844 -0.03444400 -0.00268540 0.10034904 0.09308389 0.99058480
1305031791.24508691 0.05556461 -0.00582361 -0.06016837 0.05281045 0.14114139 0.09041951 0.98443612
1305031791.31308794 0.04541555 -0.01913911 -0.08273678 0.10148150 0.18101639 0.09599411 0.97350896
1305031791.38216090 0.03269158 -0.02531040 -0.09616246 0.14794982 0.21637488 0.10401949 0.95941269
1305031791.44516492 0.02190540 -0.03417403 -0.11788881 0.19826772 0.23894040 0.11647818 0.94341414
1305031791.54506493 0.00631663 -0.05459564 -0.13359514 0.25515924 0.26023040 0.12563549 0.92270777
1305031791.64507389 -0.01212319 -0.06693321 -0.15332923 0.30237994 0.27937343 0.12101922 0.90325589
1305031791.71324205 -0.02812847 -0.08428017 -0.17407631 0.33919684 0.29607066 0.11762309 0.88512851
1305031791.81324697 -0.06528108 -0.10976855 -0.20278039 0.38654358 0.32687143 0.11098891 0.85523131
1305031791.91319299 -0.08361800 -0.12944209 -0.23084524 0.42827067 0.35156263 0.10765825 0.82546814
1305031792.05022097 -0.10577944 -0.14120664 -0.27095310 0.47613942 0.37121297 0.09097501 0.79196953
1305031792.58113599 -0.06971141 -0.13702355 -0.26869353 0.41622854 0.37153043 0.12409383 0.82056058
1305031792.71311593 -0.07060857 -0.08997611 -0.26613666 0.35052453 0.37139550 0.15124276 0.84635901
1305031792.71311593 -0.07060857 -0.08997611 -0.26613666 0.35052453 0.37139550 0.15124276 0.84635901
1305031792.81314397 -0.04813094 -0.07746790 -0.25171931 0.30389138 0.36739512 0.17333196 0.86175802
1305031792.94904709 -0.01918978 -0.05607220 -0.21909370 0.25033142 0.36355174 0.20862288 0.87272035
1305031793.08117199 0.00382896 -0.02558026 -0.18852520 0.20555207 0.35305055 0.25404325 0.87667878
1305031793.24912810 0.02079626 0.00444918 -0.15251598 0.15756402 0.37717453 0.28960689 0.86547144
1305031793.41378999 0.03609391 0.03274941 -0.11377457 0.11164673 0.39213405 0.32843019 0.85199736
1305031793.54907107 0.05077303 0.05636974 -0.07138729 0.07730410 0.40112292 0.36485755 0.83666209
1305031793.68110704 0.06152253 0.07298052 -0.03408582 0.04250053 0.40155745 0.41407867 0.81577213
1305031793.88112998 0.09552060 0.07727290 0.01884083 -0.01265008 0.39457714 0.47717314 0.78514626
1305031794.38112807 0.10420896 0.05663204 0.00298751 0.02490659 0.45002022 0.48567881 0.74898435
1305031794.54905510 0.08418993 0.02843493 -0.04701290 0.07814360 0.48129973 0.45158034 0.74720770
1305031794.68106604 0.07458084 0.01206534 -0.08923804 0.11788520 0.52765215 0.42029381 0.72872450
1305031794.78105307 0.06077923 -0.00311469 -0.12679899 0.14510237 0.58313229 0.38939011 0.69805256
1305031794.84904790 0.04642649 -0.02538804 -0.15057082 0.16275662 0.62287589 0.36484644 0.67262395
1305031794.91331506 0.03045659 -0.02832300 -0.18020407 0.18586872 0.65504328 0.33874910 0.64932285
1305031795.01352906 0.01318458 -0.03817003 -0.20564295 0.21005112 0.69148127 0.30598364 0.61976302
1305031795.14907694 -0.01015766 -0.05411202 -0.25036709 0.23799310 0.72217375 0.27919590 0.58640771
1305031795.14907694 -0.01041412 -0.05295894 -0.25080555 0.23832472 0.72202502 0.27898558 0.58655627
1305031795.28109908 -0.03774342 -0.06411465 -0.28152306 0.27467831 0.74970934 0.25025475 0.54759501
1305031795.41322398 -0.06701244 -0.06672403 -0.30863735 0.28997851 0.78266003 0.22143968 0.50430170
1305031795.58113599 -0.07665738 -0.07038349 -0.32521667 0.29481360 0.81797170 0.20500246 0.44942322
1305031795.74908209 -0.07839102 -0.07708473 -0.31598578 0.28546792 0.84429887 0.19541973 0.40924151
1305031795.88107800 -0.02953237 -0.06956160 -0.30246605 0.26226630 0.84981937 0.24181646 0.38800545
1305031796.01314807 0.01532782 -0.04575172 -0.29214257 0.23236483 0.84051326 0.30506365 0.38272733
1305031796.11371899 0.04848373 -0.02555716 -0.27766128 0.20958115 0.82772100 0.35730571 0.37853179
1305031796.21305609 0.07608599 -0.00410920 -0.26458499 0.18761182 0.81520305 0.40494451 0.36914189
1305031796.34905410 0.10193019 0.01755974 -0.24071695 0.16274195 0.80168037 0.46043502 0.34470746
1305031796.48117805 0.11421628 0.03926655 -0.21801763 0.14170238 0.77991960 0.51313616 0.32914607
1305031796.61316609 0.11293836 0.06312327 -0.19254544 0.12132875 0.75378562 0.56175200 0.31862403
1305031796.74946904 0.11477839 0.09503325 -0.16372449 0.10684404 0.71905715 0.60869232 0.31785975
1305031796.88118410 0.10832458 0.12445448 -0.13751796 0.10027863 0.68366064 0.65177667 0.31263318
1305031797.04932308 0.08909255 0.15267713 -0.10127939 0.09002469 0.64252451 0.69496557 0.30996881
1305031797.24970293 0.06436684 0.18363893 -0.07639143 0.08339317 0.59304798 0.74383232 0.29673751
1305031797.71306896 0.00836168 0.21005714 -0.09797475 0.11008181 0.61642229 0.73541937 0.25896698
1305031797.71306896 0.00805958 0.21128457 -0.09844383 0.11018564 0.61631194 0.73538017 0.25929658
1305031797.78133512 0.00046856 0.20192252 -0.11323801 0.10297578 0.64679981 0.71240840 0.25203228
1305031797.88108897 -0.01008990 0.18244571 -0.14495301 0.09813248 0.68663755 0.68124003 0.23411732
1305031797.98134089 -0.01959260 0.16312227 -0.17364768 0.10049648 0.73301020 0.64062453 0.20541841
1305031798.08140707 -0.02604022 0.13911098 -0.20231433 0.10175827 0.77503880 0.59910303 0.17330804
1305031798.18147397 -0.02915329 0.11470399 -0.21951728 0.10487888 0.80812402 0.56217047 0.14106859
1305031798.28136110 -0.02639745 0.09618260 -0.24026562 0.09962841 0.83607312 0.52835583 0.10906895
1305031798.41722202 -0.01822179 0.06652917 -0.26174225 0.09221478 0.86917504 0.48095222 0.06867419
1305031798.54896092 -0.01237474 0.03880034 -0.27824801 0.08425259 0.89906061 0.42881157 0.02668627
1305031798.68115091 -0.01109413 -0.00603478 -0.30100791 0.08660392 0.91871673 0.38483156 -0.01907870
1305031798.81663704 -0.01608980 -0.04420575 -0.32229458 0.08103334 0.93745132 0.33392801 -0.05577362
1305031798.98116112 -0.01798883 -0.08317185 -0.32476757 0.06444053 0.95571929 0.27629966 -0.07814448
1305031799.24936295 -0.03077753 -0.12351872 -0.30270258 0.03099568 0.96401618 0.23990733 -0.11025672
1305031799.51701307 -0.06498865 -0.13122967 -0.25416173 0.02329801 0.94566193 0.29499140 -0.13476202
1305031799.71725512 -0.08352545 -0.09771001 -0.20635110 0.03182970 0.91462472 0.37737975 -0.14153806
1305031799.91693592 -0.10101880 -0.03959174 -0.16701613 0.05544760 0.87397823 0.46078676 -0.14409432
1305031800.08502102 -0.09954787 0.00770106 -0.13409323 0.07484102 0.83146045 0.52945667 -0.15082429
1305031800.08502102 -0.09986133 0.00901926 -0.13459310 0.07493089 0.83143012 0.52951813 -0.15073111
1305031800.24936509 -0.09261752 0.05835348 -0.10031308 0.08120020 0.78507668 0.59031418 -0.16908670
1305031800.38609695 -0.08896086 0.09961739 -0.07630727 0.09002441 0.74140055 0.63923627 -0.18329710
1305031800.51771808 -0.08907602 0.12455826 -0.05860046 0.10593350 0.69771558 0.67853851 -0.20385426
1305031800.68539095 -0.08679348 0.15115364 -0.04951515 0.11901854 0.65190334 0.71407655 -0.22572396
1305031800.98545599 -0.09760414 0.18181523 -0.09835611 0.11718011 0.66298049 0.67990665 -0.29060736
1305031801.08545089 -0.10166591 0.15348644 -0.11710671 0.09171278 0.69994302 0.63128218 -0.32117184
1305031801.18386102 -0.11016716 0.13410335 -0.15010606 0.05669539 0.72993582 0.58583653 -0.34752682
1305031801.28533006 -0.11313471 0.09663706 -0.16964846 0.02666282 0.75830509 0.53717923 -0.36837611
1305031801.41725397 -0.09392411 0.04281239 -0.17471523 -0.00532865 0.78788872 0.48227993 -0.38289561
1305031801.58512092 -0.10171856 0.00212685 -0.18830118 -0.03079931 0.82048925 0.42030020 -0.38625967
1305031801.75248003 -0.10628463 -0.03791363 -0.18892273 -0.06490853 0.85609168 0.34268045 -0.38139747
1305031801.92144299 -0.11246776 -0.07297176 -0.18891671 -0.09691459 0.87703928 0.27475993 -0.38199036
1305031802.15348911 -0.12566426 -0.10911225 -0.18170538 -0.12062820 0.89103001 0.20154105 -0.38845279
1305031802.48528695 -0.14319448 -0.11252684 -0.16786840 -0.13631988 0.85793559 0.20683689 -0.45009101
1305031802.62110996 -0.15054396 -0.09073540 -0.16920592 -0.12828505 0.83230457 0.26139520 -0.47168272
1305031802.72156906 -0.15505092 -0.05328593 -0.16394845 -0.10699777 0.79997665 0.32224681 -0.49471794
1305031802.72156906 -0.15531616 -0.05215797 -0.16437138 -0.10693667 0.79995297 0.32245253 -0.49463538
1305031802.85383391 -0.17349260 -0.00848202 -0.15556303 -0.07328077 0.75347132 0.38773676 -0.52590028
1305031802.98147202 -0.18707529 0.04159931 -0.15944774 -0.04946239 0.70594526 0.42546062 -0.56407271
1305031803.08156395 -0.19228329 0.08296081 -0.15384456 -0.03884650 0.66783896 0.44265575 -0.59710800
1305031803.18155599 -0.19663941 0.11820780 -0.13121931 -0.02136083 0.63425495 0.45462809 -0.62496214
1305031803.31757689 -0.18947640 0.15070149 -0.10677760 -0.00135866 -0.59142443 -0.46888856 0.65601739
1305031803.48146510 -0.17848875 0.17757424 -0.08374601 -0.03141709 -0.54641691 -0.48212761 0.68410123
1305031803.72161603 -0.16789255 0.20008283 -0.04600618 -0.07323979 -0.50290433 -0.49884969 0.70204854
1305031803.92227411 -0.14990719 0.21986518 -0.01442655 -0.12825698 -0.46370098 -0.53667387 0.69319024
1305031803.98140097 -0.13960016 0.21767513 -0.01592687 -0.14932791 -0.45051872 -0.54825861 0.68858300
1305031804.12178898 -0.11953703 0.21715877 -0.00058596 -0.18660456 -0.42582966 -0.56449653 0.68204949
1305031804.38155603 -0.12670859 0.20730618 0.03933776 -0.18336051 -0.43489838 -0.53624059 0.69977736
1305031804.48146105 -0.13531446 0.18251743 0.03127128 -0.13820946 -0.45728904 -0.51219461 0.71375175
1305031804.54940796 -0.14299674 0.16145944 0.01382657 -0.10830911 -0.46954612 -0.49541646 0.72274346
1305031804.62086606 -0.13981721 0.13699012 -0.00373307 -0.07823580 -0.48008365 -0.47760375 0.73163755
1305031804.68156505 -0.14712386 0.11778592 -0.01246180 -0.04686806 -0.48994763 -0.46109626 0.73833931
1305031804.74941611 -0.14995665 0.09586813 -0.03398894 -0.00880409 -0.49725300 -0.44288145 0.74600132
1305031804.74941611 -0.15023809 0.09701433 -0.03441202 -0.00883459 -0.49730523 -0.44315461 0.74580390
1305031804.82191110 -0.15507259 0.07980755 -0.05419695 0.04023693 -0.50628975 -0.42048621 0.75182646
1305031804.88147092 -0.15883623 0.06504344 -0.07713522 0.09031911 -0.51189160 -0.39362939 0.75819875
1305031804.98149109 -0.16509526 0.05296519 -0.11046457 0.14281257 -0.51978781 -0.35694872 0.76289764
1305031805.12078500 -0.18556200 0.02996682 -0.15316480 0.18599876 -0.52882970 -0.30573600 0.76959022
1305031805.31746411 -0.19080481 0.00908616 -0.21108395 0.23832468 -0.53182786 -0.25818978 0.77051834
1305031805.44939899 -0.18319120 -0.00278218 -0.24922112 0.29640770 -0.52313492 -0.22023788 0.76809349
1305031805.58145595 -0.15693691 -0.00005029 -0.27110084 0.36495581 -0.51252176 -0.18735400 0.75433890
1305031805.84938312 -0.18054013 0.02583547 -0.25691878 0.31065357 -0.47919491 -0.19419934 0.79759214
1305031805.98149490 -0.18757514 0.03493572 -0.19942245 0.23805648 -0.46246569 -0.22172336 0.82479898
1305031806.11733198 -0.17749934 0.04499299 -0.15344457 0.19247635 -0.42925768 -0.24320006 0.84825964
1305031806.24944091 -0.16040344 0.06180316 -0.11370451 0.13833444 -0.39326425 -0.26536114 0.86936199
1305031806.34943104 -0.15366366 0.07889754 -0.08326780 0.09430961 -0.36624708 -0.28029966 0.88227030
1305031806.48135495 -0.13360678 0.08965792 -0.04034083 0.03755744 -0.34115705 -0.29348423 0.89222660
1305031806.58172798 -0.12401806 0.10838053 -0.01207503 0.00107452 -0.31194262 -0.29973741 0.90158091
1305031806.68138099 -0.12084989 0.11784067 0.01508368 -0.04582303 -0.28418545 -0.30422778 0.90806626
1305031806.81740999 -0.10893806 0.13549430 0.04257226 -0.10110109 -0.26572946 -0.29805404 0.91122457
1305031806.81740999 -0.10916280 0.13643176 0.04222075 -0.10111906 -0.26583610 -0.29839238 0.91108073
1305031806.94948602 -0.09585590 0.15410468 0.05954735 -0.14617487 -0.24081901 -0.29236357 0.91387234
1305031807.08151197 -0.09292678 0.16607514 0.06983803 -0.18140569 -0.21666995 -0.28452469 0.91607413
1305031807.38143897 -0.11932657 0.15708357 0.07078377 -0.15372406 -0.16281768 -0.22917491 0.94727936
1305031807.48151588 -0.13112703 0.13494421 0.05811818 -0.08934370 -0.14667468 -0.20529404 0.96351367
1305031807.54939699 -0.13726429 0.12177694 0.04630112 -0.03905305 -0.13358439 -0.19265333 0.97134688
1305031807.64939904 -0.14867786 0.10858759 0.02954729 0.02836122 -0.11292919 -0.17337384 0.97794895
1305031807.74940109 -0.15762607 0.09010293 0.00680043 0.09075913 -0.10077307 -0.15562274 0.97846264
1305031807.84944892 -0.16403236 0.07285019 -0.01949444 0.15031123 -0.09656399 -0.13769349 0.97422915
1305031807.98132396 -0.17171427 0.04941277 -0.06249095 0.21504651 -0.09359941 -0.12121295 0.96452142
1305031808.14943290 -0.17190709 0.01026077 -0.11896634 0.29533641 -0.10406079 -0.09922645 0.94451144
1305031808.31739497 -0.16120858 -0.01363682 -0.18106033 0.37376156 -0.11942635 -0.09374859 0.91501412
1305031808.51740909 -0.15106684 -0.02843170 -0.25183078 0.44975100 -0.12283804 -0.08539631 0.88053525
1305031808.68141508 -0.11697993 0.00006856 -0.29080816 0.50322443 -0.10396409 -0.06595033 0.85534040
1305031808.84938908 -0.09421194 0.00054917 -0.30245102 0.53496738 -0.05339846 -0.05316025 0.84150609
1305031809.01742005 -0.08237845 -0.00996981 -0.29478318 0.47245653 -0.00721418 -0.04134499 0.88035412
1305031809.14942193 -0.06989715 0.01696773 -0.25047367 0.41736154 0.03158592 -0.03312793 0.90758703
1305031809.14942193 -0.07021372 0.01832646 -0.25094207 0.41732226 0.03144627 -0.03326089 0.90760508
1305031809.28166389 -0.07834982 0.03808917 -0.21688441 0.36135599 0.06157241 -0.00751383 0.93036242
1305031809.44942904 -0.07976111 0.06567377 -0.18948983 0.29437189 0.08041915 0.01167629 0.95222981
1305031809.64944696 -0.10610215 0.09377749 -0.15805847 0.23679967 0.09506803 0.02466748 0.96658135
1305031809.81747198 -0.12367651 0.11974595 -0.13919366 0.18956644 0.10603765 0.04081838 0.97527147
1305031809.98145294 -0.13371566 0.14677773 -0.12092127 0.13721458 0.12533049 0.05737401 0.98090400
1305031810.14941907 -0.12862963 0.17356203 -0.10534618 0.08917118 0.14051083 0.07544810 0.98316468
1305031810.31748796 -0.11610253 0.20089847 -0.10582921 0.03893523 0.15462751 0.08228216 0.98377031
1305031810.44942689 -0.10010094 0.22255808 -0.10782185 0.00122748 0.15658344 0.09882665 0.98270719
1305031810.58541608 -0.08410613 0.23771571 -0.11200881 -0.04303346 0.16675807 0.11393804 0.97844672
1305031810.84941506 -0.05453757 0.24145960 -0.12800680 -0.01138067 0.21717818 0.15269721 0.96404755
1305031810.98542309 -0.04362875 0.23606306 -0.13987814 0.05175105 0.25877118 0.15436735 0.95211870
1305031811.11744905 -0.04288367 0.22246291 -0.16775247 0.11034761 0.28827821 0.16162122 0.93733540
1305031811.28540111 -0.05126945 0.20298344 -0.20173586 0.16147204 0.32644866 0.15960159 0.91754313
1305031811.38542104 -0.06929659 0.19073754 -0.23563032 0.20595673 0.35329693 0.15971574 0.89847314
1305031811.51742291 -0.09604609 0.17378897 -0.25741482 0.26298125 0.38787194 0.14825088 0.87087192
1305031811.61743903 -0.10737636 0.13541072 -0.26171068 0.29568013 0.41360603 0.14276547 0.84918863
1305031811.61743903 -0.10881926 0.13719130 -0.26165434 0.29601652 0.41340806 0.14227227 0.84925061
1305031811.68543196 -0.12959723 0.12780216 -0.26476702 0.32731788 0.42522263 0.13792985 0.83248068
1305031811.81744003 -0.16617228 0.11021071 -0.26763418 0.37732085 0.44063226 0.12788626 0.80443601
1305031811.94944596 -0.20428794 0.08737605 -0.28379224 0.41778548 0.45065236 0.11611013 0.78031159
1305031812.11742997 -0.24732494 0.06309860 -0.30951763 0.46458193 0.46593181 0.10164909 0.74614921
1305031812.31743908 -0.29961760 0.04876688 -0.32889794 0.50320828 0.48908054 0.09363705 0.70626748
1305031812.68543792 -0.30708732 0.10501834 -0.32610279 0.44427217 0.55458857 0.12143016 0.69304290
1305031812.81759501 -0.26768870 0.13450398 -0.30230716 0.39161728 0.56384760 0.15924962 0.70947259
1305031812.94955492 -0.25417620 0.15316054 -0.28295004 0.33803341 0.56547635 0.20467950 0.72393108
1305031813.11743808 -0.22250808 0.17979344 -0.26718690 0.27034014 0.54852979 0.26958355 0.74387902
1305031813.28540301 -0.19008889 0.22157214 -0.24000558 0.21219829 0.51358024 0.32141687 0.76674534
1305031813.44944501 -0.18122081 0.25077680 -0.21098044 0.15116131 0.49479232 0.36780615 0.77268976
1305031813.58541298 -0.17800409 0.28001978 -0.18665646 0.09980806 0.47786820 0.40266353 0.77430124
1305031813.71743393 -0.18473100 0.29459012 -0.16389572 0.05528274 0.46904931 0.42653042 0.77136785
1305031813.84944201 -0.19060952 0.30267814 -0.13866176 0.00716225 0.44733830 0.45108271 0.77224448
1305031813.94942999 -0.18668294 0.31491363 -0.11320328 -0.02919773 0.42627473 0.48264969 0.76451725
1305031814.34939098 -0.20163011 0.29882910 -0.09321510 0.00749424 0.48565731 0.53692426 0.68977761
1305031814.34939098 -0.20163011 0.29882910 -0.09321510 0.00749424 0.48565731 0.53692426 0.68977761
1305031814.48538899 -0.21086520 0.29532587 -0.11774160 0.05257961 0.54070268 0.53287645 0.64878246
1305031814.61752105 -0.22914662 0.28374433 -0.15126934 0.08801354 0.60176976 0.51836642 0.60118468
1305031814.68544292 -0.23667871 0.28153966 -0.16629341 0.10653318 0.62792626 0.50836179 0.57959260
1305031814.81765509 -0.24978472 0.27215025 -0.19119228 0.13500485 0.66843727 0.48181492 0.55029055
1305031814.94945312 -0.25693427 0.25838911 -0.20994149 0.15069007 0.70369582 0.45273712 0.52643499
1305031815.18544102 -0.26995285 0.23961994 -0.23009015 0.19101884 0.72866359 0.42210953 0.50436567
1305031815.54948401 -0.28043519 0.20817778 -0.25193207 0.22703958 0.76468817 0.35806003 0.48528141
