1305032353.99316502 0.00000000 0.00000000 0.00000000 0.00000000 0.00000000 0.00000000 1.00000000
1305032354.25731707 -0.00198283 -0.08962111 0.00300649 -0.11163066 0.01501421 -0.00246075 0.99363329
1305032354.62545490 -0.00391152 -0.24318546 0.00075154 -0.21753387 0.03487563 -0.01300236 0.97534283
1305032354.95769596 0.00898784 -0.36611249 -0.00312370 -0.30796380 0.00339890 -0.02813074 0.95097603
1305032355.19373107 0.02340512 -0.44653542 0.02150048 -0.37759421 -0.06595474 -0.09094607 0.91913078
1305032355.35792398 0.03968219 -0.49372595 0.05565301 -0.40668839 -0.15045962 -0.09810495 0.89573538
1305032355.59396505 0.08635704 -0.54648621 0.09066481 -0.39672632 -0.24041009 -0.10608396 0.87952112
1305032355.85815096 0.17147804 -0.59709565 0.14793630 -0.34622911 -0.26954279 -0.11532918 0.89116288
1305032356.39426589 0.30520324 -0.60754429 0.18715135 -0.30257361 -0.36203369 -0.10054785 0.87594004
1305032356.56218410 0.33659125 -0.55653538 0.21249957 -0.22435517 -0.38677269 -0.10784221 0.88794240
1305032356.82633209 0.39214419 -0.44065642 0.23334392 -0.14835472 -0.37454949 -0.09856847 0.90993836
1305032357.22620797 0.46006434 -0.26697431 0.25241839 -0.11139083 -0.42472793 0.01986498 0.89822249
1305032357.72639298 0.51200331 -0.09353246 0.21953772 -0.13539715 -0.39774233 0.09600687 0.90235876
1305032358.12646294 0.50075591 -0.02819889 0.20753064 -0.09504073 -0.34428952 0.08926002 0.92976590
1305032358.32622790 0.46083645 -0.00548931 0.22217650 -0.03163155 -0.35960596 0.11600888 0.92532424
1305032359.09409189 0.50773656 -0.06284403 0.22499071 -0.05390418 -0.43327395 0.07331382 0.89665663
1305032359.29426908 0.54603709 -0.13681844 0.22883226 -0.13045729 -0.41310994 0.01556559 0.90115414
1305032359.29426908 0.54603358 -0.13675220 0.22887154 -0.13032183 -0.41289475 0.01582001 0.90126792
1305032359.59396505 0.55876820 -0.26292908 0.26778001 -0.22761406 -0.40037343 -0.05816539 0.88572555
1305032359.99416089 0.52916015 -0.41043441 0.36430768 -0.32934893 -0.42804331 -0.13400255 0.83087395
1305032360.19427204 0.50163985 -0.45681070 0.42906624 -0.37765561 -0.47431409 -0.19782665 0.77023828
1305032360.42624593 0.45186490 -0.50259518 0.50689607 -0.35387242 -0.55252910 -0.24487821 0.71380709
1305032360.69407296 0.37311690 -0.54931697 0.56779331 -0.29241105 -0.60928283 -0.29486092 0.67551998
1305032360.82619190 0.33688072 -0.55778975 0.57857056 -0.25090390 -0.64283580 -0.27374841 0.66997848
1305032361.16202807 0.30163671 -0.53196960 0.62286262 0.21857315 0.71219480 0.27771392 -0.60653056
1305032361.46237397 0.37269167 -0.45673309 0.71493517 0.14628345 0.77823047 0.23560675 -0.56342520
1305032361.79396605 0.45709108 -0.34580600 0.81578618 0.08198491 0.79672993 0.15263607 -0.57896643
1305032362.52626705 0.50424155 -0.03623742 0.91755682 0.14670527 0.80824880 -0.00342197 -0.57026287
1305032363.06188297 0.46472356 0.10918649 0.93057867 0.11906456 0.81937152 -0.11093039 -0.54968027
1305032363.39408302 0.47329055 0.17071798 0.91379457 0.08484387 0.79525247 -0.20160724 -0.56544632
1305032364.16209197 0.45780501 0.20869617 0.95546332 0.05440011 0.82579213 -0.24392302 -0.50557843
1305032364.32610202 0.45524268 0.17140417 0.98177776 0.05042900 0.86908235 -0.18652803 -0.45536807
1305032364.49403501 0.43996876 0.10867866 1.01139331 0.04195500 0.90447357 -0.08916242 -0.41499085
1305032364.76209307 0.40439091 -0.02361021 1.08206328 0.01749353 0.91847651 0.05037361 -0.39186397
1305032364.76209307 0.40447238 -0.02346084 1.08211839 0.01741218 0.91840174 0.05024314 -0.39205955
1305032365.16201401 0.30426646 -0.19739402 1.12992181 0.00553606 0.92667771 0.16920695 -0.33556935
1305032365.69400501 0.21351264 -0.30055483 1.15131727 -0.05124980 0.94819530 0.22085632 -0.22253451
1305032366.03006601 0.17219200 -0.33089524 1.13453342 -0.02460122 0.96802007 0.16725412 -0.18535907
1305032366.56198907 0.14439992 -0.42313364 1.07772701 -0.09637345 0.95629587 0.24987460 -0.11735867
1305032366.89425397 0.12414180 -0.41194321 1.08224418 -0.11962540 0.96013055 0.25173264 -0.02167401
1305032367.33006310 0.05890267 -0.35159947 1.15657790 -0.09980244 0.98086588 0.16472687 -0.02840176
1305032367.66217303 0.00505605 -0.27823718 1.20163385 -0.09732230 0.99267165 0.07002896 -0.01507662
1305032368.09469295 -0.10417531 -0.14967916 1.22211334 -0.07820879 0.99511951 -0.02560561 0.05445086
1305032368.33004808 -0.14175534 -0.07677721 1.21941051 -0.07463149 0.98545163 -0.10288790 0.11282424
1305032368.59418392 -0.15806759 -0.00172295 1.18331849 -0.06349612 0.97193496 -0.20417413 0.09809994
1305032368.92994499 -0.18489343 0.12965971 1.15827410 0.03197095 0.95662051 -0.26462390 0.11759779
1305032370.09413195 -0.24000514 0.18874172 1.18001083 0.05595986 0.97019856 -0.20364113 0.11880039
1305032370.56212902 -0.23999055 0.20616280 1.24994358 0.03725362 0.98642642 -0.13278171 0.08912965
1305032370.93065906 -0.24908307 0.18075412 1.26791073 0.00031838 0.99537010 -0.05955601 0.07544093
1305032371.19920897 -0.29003518 0.07241581 1.27341022 -0.04202513 0.99642234 0.03769999 0.06288980
1305032371.69806290 -0.33166827 -0.21403755 1.21790007 -0.22490991 0.95517063 0.15617189 0.11258300
1305032371.69806290 -0.33159212 -0.21389657 1.21794465 -0.22501696 0.95521035 0.15604901 0.11220189
1305032372.12993312 -0.34981057 -0.37142010 1.04311837 -0.32631705 0.90325479 0.18607613 0.20742139
1305032372.29777789 -0.31740015 -0.41714073 0.99592813 -0.37212954 0.87520642 0.15637219 0.26661032
1305032372.62994003 -0.21316537 -0.48016712 0.94774309 -0.45639387 0.82160063 0.15637834 0.30368217
1305032372.86695099 -0.14195082 -0.51926170 0.93311767 -0.45929037 0.80436035 0.14540882 0.34772554
1305032373.03060198 -0.11030282 -0.53428590 0.92011801 -0.44690854 0.78681028 0.14071012 0.40174993
1305032373.19839597 -0.08494681 -0.52642195 0.90232384 -0.46550104 0.74581658 0.18705623 0.43826519
1305032373.43460011 -0.04666477 -0.50980123 0.88073253 -0.47804834 0.70095535 0.23229219 0.47557516
1305032374.23456001 -0.16755743 -0.51598731 0.86170122 -0.44445412 0.71211057 0.14649748 0.52335223
1305032374.43490791 -0.29330210 -0.48041949 0.84321566 -0.39756832 0.69472281 0.09560178 0.59174314
1305032374.99429607 -0.60212569 -0.27109119 0.70311862 -0.22828821 0.74803571 0.05827408 0.62042824
1305032375.56472492 -0.66773479 -0.09071509 0.67736549 -0.12867514 0.75429841 -0.03267572 0.64296883
1305032376.60191607 -0.73832187 0.14784676 0.57975018 0.10437640 0.74924337 -0.06467355 0.65081277
1305032377.76210690 -0.69532693 0.10282362 0.56713483 0.05826770 0.71077070 -0.09346172 0.69474801
1305032378.26205993 -0.63825080 -0.12390300 0.52239698 -0.14061793 0.67525716 -0.06577298 0.72106053
1305032378.43005800 -0.61259931 -0.18919091 0.50165782 -0.22179536 0.62641970 -0.03861247 0.74626688
1305032378.66195989 -0.56727471 -0.30659925 0.49541682 -0.34802647 0.55995354 -0.02922954 0.75131568
1305032378.66195989 -0.56719865 -0.30645745 0.49545938 -0.34813119 0.56006399 -0.02918923 0.75118639
1305032378.99799109 -0.49901772 -0.42992935 0.53683416 -0.39693438 0.48397532 -0.06214186 0.77739911
1305032379.49811602 -0.37923577 -0.54455105 0.60061485 -0.44257714 0.41876720 -0.07961832 0.78893627
1305032379.66221499 -0.36542989 -0.56040143 0.59930333 -0.42382414 0.36727769 -0.10091216 0.82176452
1305032379.96234298 -0.35637581 -0.56908279 0.52599494 -0.46402185 0.37388956 -0.12335001 0.79352069
1305032380.46229911 -0.36085629 -0.48872040 0.44468118 -0.38771823 0.34677972 -0.06390318 0.85166589
1305032380.96230507 -0.34852425 -0.27360944 0.29944506 -0.23754493 0.36599753 -0.07788599 0.89641061
1305032381.13031292 -0.35508792 -0.21313863 0.24684403 -0.19795575 0.41683446 -0.03935237 0.88629225
1305032381.43033695 -0.41583138 -0.15601317 0.19120720 -0.15723387 0.48419132 0.05159473 0.85917068
1305032381.59833097 -0.44505184 -0.16808675 0.15427991 -0.12267615 0.54580667 0.05254065 0.82721528
1305032381.83033895 -0.47299169 -0.19645947 0.12226366 -0.04615913 0.56689014 0.04306449 0.82137102
1305032381.99829888 -0.47021956 -0.21136270 0.09224641 0.02028199 0.57814892 0.02389811 0.81532898
1305032382.43030596 -0.37527530 -0.23850814 0.02865003 -0.06348857 0.53843927 0.06661659 0.83762437
1305032382.53031301 -0.30938461 -0.25414037 0.03214147 -0.13535193 0.48440837 0.07876102 0.86071196
1305032382.66229200 -0.21494916 -0.28404611 0.05741899 -0.20928038 0.40611871 0.07685237 0.88620710
1305032382.86251593 -0.11334402 -0.37025608 0.13216016 -0.27217021 0.31342837 0.00979366 0.90971980
1305032382.99832296 -0.07561426 -0.43106086 0.18265597 -0.28991276 0.23397435 -0.01291494 0.92792230
1305032382.99832296 -0.07553203 -0.43097907 0.18266971 -0.28997339 0.23397733 -0.01274641 0.92790494
1305032383.16255212 -0.04101089 -0.47285905 0.22575750 -0.30592025 0.15001425 -0.02332178 0.93987479
1305032383.39828610 -0.01907529 -0.51454850 0.25217598 -0.33902264 0.04525460 -0.07942490 0.93632652
1305032383.66234708 -0.00219171 -0.56315080 0.25627231 -0.33695317 -0.04519468 -0.10057679 0.93504241
1305032383.86239696 -0.00571334 -0.59201837 0.24655591 -0.35875128 -0.12169536 -0.11161626 0.91871082
1305032384.79828405 0.09768496 -0.43048333 0.20019716 -0.29252856 -0.16024870 -0.00329349 0.94272825
1305032384.96632099 0.13634573 -0.37313445 0.16841889 -0.21489054 -0.16621410 0.02653390 0.96202437
1305032385.19829798 0.18729268 -0.28295066 0.12288889 -0.14705972 -0.14426519 0.06307177 0.97651572
1305032385.53030396 0.23441893 -0.16812112 0.08682526 -0.04695473 -0.14517108 0.03053950 0.98781980
1305032385.93028808 0.25824452 -0.02439292 0.08969354 -0.02161486 -0.17729627 0.12965752 0.97533982
1305032386.36626101 0.27293416 0.05812817 0.13879547 -0.04393362 -0.25133295 0.18924988 0.94820149
1305032386.56627011 0.30095190 0.03815945 0.16059093 -0.07801093 -0.32347222 0.13515628 0.93328066
1305032386.93035293 0.37391026 -0.03464671 0.20808994 -0.15795019 -0.38282711 0.03405428 0.90957982
1305032387.16622210 0.40241055 -0.11136755 0.25561379 -0.24420956 -0.39082689 -0.03395620 0.88682750
1305032387.49828506 0.43850906 -0.23620286 0.33082076 -0.28975287 -0.38159822 -0.12957894 0.86812175
1305032387.93029594 0.45514254 -0.35133583 0.42388213 -0.35383587 -0.44439871 -0.20505616 0.79703321
1305032388.46636009 0.46415615 -0.46642159 0.55506378 -0.35148914 -0.48419705 -0.19638242 0.77681564
1305032388.46636009 0.46345692 -0.46496320 0.55576264 -0.35166542 -0.48497248 -0.19621376 0.77629459
1305032389.03035402 0.37583813 -0.52819757 0.63199854 -0.32224818 -0.55603866 -0.25372001 0.72291305
1305032389.83033299 0.45735387 -0.45916403 0.74570846 -0.25353535 -0.65240808 -0.24634254 0.67037220
1305032390.03035998 0.48537946 -0.42380862 0.74865557 0.19598731 0.68670431 0.20074277 -0.67061800
1305032390.36612606 0.51089261 -0.33681324 0.74402300 -0.14627304 -0.69456863 -0.11234619 0.69538259
1305032390.96629190 0.53774256 -0.18287001 0.78734315 0.10076347 0.70560682 -0.01893455 -0.70114707
