1305031229.52874804 0.00000000 0.00000000 0.00000000 0.00000000 0.00000000 0.00000000 1.00000000
1305031229.66465712 -0.00741130 -0.00149798 -0.00065279 -0.00807898 -0.09433674 0.01127972 0.99544366
1305031229.82561302 -0.02159676 -0.00287591 0.00011269 -0.00915578 -0.17803622 0.03417542 0.98338767
1305031229.96616006 -0.02745016 -0.00897136 0.00677821 -0.01221581 -0.26853041 0.05478738 0.96163430
1305031230.12991905 -0.03472449 -0.00866303 0.00918170 -0.01138195 -0.34761320 0.06578813 0.93525795
1305031230.29798198 -0.04521923 -0.01106969 0.01376275 -0.01514677 -0.41901898 0.07553826 0.90470307
1305031230.46521997 -0.04950028 -0.01645802 0.00373922 -0.02186342 -0.50046740 0.09435832 0.86032022
1305031230.56608391 -0.05273596 -0.01710044 -0.00139030 -0.03132549 -0.57243737 0.10690360 0.81234585
1305031230.66579509 -0.05465782 -0.01594909 -0.00677608 -0.03720202 -0.63424380 0.10889591 0.76452109
1305031230.79730296 -0.05629518 -0.01769432 -0.00813678 -0.04276636 -0.69327822 0.11627585 0.70994104
1305031230.89737892 -0.06578521 -0.02136147 -0.01707347 0.03972051 0.73911795 -0.12404164 -0.66086354
1305031231.32574105 -0.06765289 -0.00664058 0.02614057 -0.02690070 -0.69243799 0.10495118 0.71329604
1305031231.42568803 -0.06429764 0.00043191 0.02568594 -0.02828979 -0.63184608 0.09842728 0.76829831
1305031231.52575493 -0.05542031 0.00206279 0.02817242 -0.03414998 -0.58613418 0.09115680 0.80434504
1305031231.66504502 -0.04540219 0.00963581 0.03509503 -0.03500716 -0.52691629 0.08100236 0.84532381
1305031231.79372311 -0.04096585 0.01263535 0.04111810 -0.03454921 -0.45149058 0.05803238 0.88971616
1305031231.89372706 -0.03036719 0.00981135 0.04419028 -0.03124323 -0.37963590 0.03276515 0.92402754
1305031231.89372706 -0.03051779 0.00931140 0.04362693 -0.03163177 -0.37947819 0.03256631 0.92408613
1305031232.02578998 -0.01469576 0.00196100 0.05024874 -0.03102518 -0.29280438 0.01655430 0.95552550
1305031232.16503191 -0.00157785 0.00571327 0.04520614 -0.02441072 -0.21533319 0.00717086 0.97620915
1305031232.29385495 0.00879427 0.00421101 0.03680651 -0.02323521 -0.14113639 -0.00789389 0.98968598
1305031232.52578092 0.00158554 0.00231883 0.02323663 -0.02088578 -0.05140111 -0.03045204 0.99799518
1305031232.72587609 0.00364957 -0.00296485 0.02528774 -0.01842106 0.03340351 -0.05830293 0.99756987
1305031232.92575598 -0.00868830 -0.00126250 0.02109411 -0.01114510 0.11296124 -0.07022456 0.99105199
1305031233.12584591 -0.00474852 0.01270447 0.02163686 -0.00746751 0.01953103 -0.01816635 0.99961631
1305031233.29380202 -0.01871931 0.02499040 0.02199968 -0.02564458 -0.06051380 0.01983958 0.99764063
1305031233.36179996 -0.04449625 0.01970941 0.01731775 -0.03394545 -0.14488098 0.03539307 0.98823304
1305031233.42570806 -0.05540570 0.00908954 0.00959722 -0.04323499 -0.22107635 0.04243757 0.97337302
1305031233.56178498 -0.05656311 0.00130142 0.01299803 -0.04588544 -0.29441479 0.04453205 0.95353624
1305031233.66170001 -0.05627788 -0.00845523 0.00564464 -0.05070910 -0.36856211 0.05604130 0.92652573
1305031234.16172910 -0.03154520 -0.00231256 0.02076895 0.01557203 -0.35570834 0.06631033 0.93211160
1305031234.36161208 -0.02588305 0.00111921 0.01374712 0.07765025 -0.34144692 0.08534039 0.93279229
1305031234.52964497 -0.01580850 -0.00874803 0.01167408 0.14072840 -0.33064433 0.10602740 0.92716128
1305031234.69374990 -0.00641819 0.00041871 0.00589532 0.22637850 -0.32178553 0.13234824 0.90977513
1305031234.69374990 -0.00663380 -0.00025286 0.00515406 0.22582075 -0.32175916 0.13204772 0.90996672
1305031234.89375997 0.00348756 0.01273692 -0.01490263 0.30277949 -0.30357371 0.14884043 0.89107469
1305031235.19360495 -0.02256570 0.03035647 0.02008567 0.22134419 -0.33094971 0.12966121 0.90811178
1305031235.36165309 -0.02793044 0.03780094 0.02886767 0.14868354 -0.33624035 0.10577442 0.92393041
1305031235.49366498 -0.03079423 0.04997097 0.03216729 0.07796426 -0.34801291 0.09011122 0.92988631
1305031235.62979794 -0.04075091 0.05486833 0.04920423 0.00138955 -0.35868679 0.07513233 0.93042839
1305031235.76181793 -0.06324949 0.05288284 0.07644780 -0.08579007 -0.36919887 0.05670555 0.92364319
1305031235.86160302 -0.07010661 0.05788538 0.08647916 -0.14283248 -0.37140583 0.04249722 0.91643362
1305031236.02965212 -0.07658566 0.07049815 0.08845962 -0.21339029 -0.36924096 0.02369486 0.90419260
1305031236.56167793 -0.05890849 0.05555387 0.07713783 -0.14884288 -0.36025997 0.04241892 0.91992347
1305031236.69366693 -0.05007673 0.03517945 0.06128087 -0.09179722 -0.35853126 0.05623735 0.92728958
1305031236.82970500 -0.04691997 0.01365833 0.04316397 -0.02795173 -0.35485353 0.06690804 0.93210567
1305031236.96163893 -0.03286050 0.00177056 0.01004188 0.04038875 -0.34900206 0.07923238 0.93289257
1305031237.09369493 -0.01548075 -0.01248367 -0.01301478 0.10873485 -0.34498703 0.09341857 0.92759563
1305031237.22969103 0.00324079 -0.01274706 -0.03699362 0.17556402 -0.33347651 0.11412008 0.91921015
1305031237.39367104 0.01559875 -0.01296533 -0.05551036 0.23893726 -0.31318975 0.13098904 0.90975988
1305031238.19379210 -0.00067901 0.02183151 -0.04226760 0.17617843 -0.34146673 0.10845116 0.91684240
1305031238.19379210 -0.00048949 0.02298058 -0.04238342 0.17637005 -0.34148179 0.10851995 0.91679181
1305031238.32966208 -0.02058797 0.02618593 -0.02515681 0.09497414 -0.35458836 0.07579772 0.92709315
1305031238.42967296 -0.03479380 0.02812205 -0.01068195 0.03522127 -0.36006811 0.05384731 0.93070451
1305031238.62975097 -0.04824754 0.03018644 0.00933013 -0.04661242 -0.37438623 0.02370311 0.92579717
1305031238.82973003 -0.05728061 0.04340010 0.02064047 -0.11921928 -0.37989074 -0.00010017 0.91731662
1305031239.56173301 -0.04898412 0.02760794 0.01201284 -0.05522100 -0.37615033 0.02824087 0.92448041
1305031239.72989392 -0.04565424 0.00606427 0.00579242 0.00594161 -0.36355655 0.04841269 0.93029433
1305031239.82966590 -0.03592952 0.00016894 -0.00741314 0.05757019 -0.35854382 0.07887269 0.92839167
1305031239.96170998 -0.01560390 -0.00358896 -0.02223409 0.12482927 -0.35705977 0.09490489 0.92082519
1305031240.12966490 0.00811662 -0.00814743 -0.04355665 0.20279063 -0.34802520 0.12282778 0.90701034
1305031240.29364610 0.03330513 -0.00669331 -0.06633191 0.28240951 -0.33607838 0.15866334 0.88437669
1305031240.49371290 0.04130875 0.00134711 -0.06668953 0.34672007 -0.31843383 0.18322521 0.86302585
1305031240.89368510 0.01801170 0.02966546 -0.04840907 0.26849679 -0.33073729 0.14393678 0.89319904
1305031241.06199002 -0.00630141 0.03033906 -0.03030609 0.17090213 -0.33757132 0.10719565 0.91942763
1305031241.19371390 -0.02124199 0.03636413 -0.01239978 0.08766313 -0.35576095 0.08455842 0.92660628
1305031241.32991004 -0.03168751 0.04101100 0.00315716 0.00974125 -0.35857143 0.06390256 0.93126156
1305031242.09372497 -0.04177273 0.03361032 0.00755359 0.00236520 -0.37867556 -0.06938087 0.92292227
1305031242.09372497 -0.04135973 0.03364673 0.00748014 0.00204859 -0.37892962 -0.06950793 0.92280919
1305031242.52971005 -0.05327144 0.01099502 -0.01626047 0.08606446 -0.33430631 -0.31295217 0.88481249
1305031242.79369903 -0.07220588 0.01984501 -0.02638663 0.13694280 -0.31156832 -0.48573249 0.80513092
1305031243.76166701 -0.10895426 0.02630950 -0.01787709 0.14120307 -0.30634789 -0.24169029 0.90983431
1305031243.92965603 -0.08465557 0.01470360 -0.02391866 0.14148107 -0.34289192 -0.04274937 0.92767490
1305031244.29767990 -0.04254837 0.06050852 -0.00694053 0.09528084 -0.35550695 0.21494122 0.90461961
1305031244.56167197 -0.03621592 0.09388876 0.01925180 0.04181026 -0.30829575 0.38999022 0.86666791
1305031245.62961006 -0.04306143 0.06755207 -0.01570575 0.11538652 -0.33981902 0.19333025 0.91314424
1305031245.82977891 -0.04246197 0.06857812 -0.01929130 0.10927053 -0.31069468 0.05312162 0.94271250
1305031246.22963691 -0.06587074 0.03452854 -0.05610403 0.13692819 -0.28286192 -0.23656648 0.91938899
1305031246.49771690 -0.09031026 0.03263419 -0.06711438 0.20907568 -0.23816576 -0.45610289 0.83158558
1305031246.76174402 -0.11645637 0.06116962 -0.06915019 0.26035953 -0.22968319 -0.61522077 0.70778666
1305031246.96158099 -0.12607128 0.08243000 -0.06834394 -0.25216809 0.23024992 0.71000893 -0.61586001
1305031247.66168094 -0.13679066 0.09749715 -0.08600730 0.20686910 -0.32818138 -0.54900901 0.74033186
1305031247.89763808 -0.12553766 0.07184677 -0.09774598 0.20701807 -0.33926003 -0.34040635 0.85215589
1305031248.09817910 -0.09326389 0.05470669 -0.10027225 0.22784813 -0.34236665 -0.18254390 0.89305545
1305031248.32968807 -0.03883505 0.05690164 -0.10443972 0.21230410 -0.34098906 0.01459052 0.91566399
1305031248.32968807 -0.03835318 0.05730895 -0.10563640 0.21194243 -0.34095610 0.01432426 0.91576425
1305031248.70113397 -0.00725448 0.07565813 -0.10663955 0.17861755 -0.32562793 0.23242698 0.89891041
1305031248.92976594 0.02221365 0.10005471 -0.06618221 0.15901485 -0.28670996 0.34517889 0.87941072
1305031249.72996902 0.04580067 0.08376437 -0.02657687 0.17684655 -0.27658866 0.14665081 0.93312247
1305031249.89754796 0.02001293 0.06213995 -0.05443208 0.17221612 -0.19910781 -0.00806948 0.96469299
1305031250.09760404 -0.00265070 0.05367071 -0.08641226 0.19279913 -0.13734879 -0.14610175 0.96053011
1305031250.26191711 -0.03342531 0.04303368 -0.08587034 0.20375280 -0.17038645 -0.27656989 0.92355961
1305031250.49813795 -0.06746474 0.04195031 -0.07870651 0.22301324 -0.15629614 -0.44360831 0.85384324
1305031251.36183095 -0.07894306 0.03672781 -0.08443645 0.21783399 -0.24332318 -0.28665903 0.90064909
1305031251.59765697 -0.05277175 0.03333302 -0.08685126 0.18446952 -0.28114727 -0.05931191 0.93989856
1305031251.76175499 -0.03450903 0.03023332 -0.09603114 0.15292657 -0.33895981 0.10371692 0.92247629
1305031251.92989802 -0.00618924 0.04646173 -0.08922095 0.13908269 -0.40262057 0.24063162 0.87215200
1305031252.19785190 0.01897279 0.08118325 -0.05824342 0.08594570 -0.39485925 0.43706832 0.80353643
1305031252.83102107 0.00468066 0.09630841 -0.01439329 0.07179650 -0.33648217 0.40480223 0.84720727
1305031253.09794688 -0.01072784 0.06434948 -0.02589594 0.11499684 -0.31020309 0.19652906 0.92299843
