1305031910.76523805 0.00000000 0.00000000 0.00000000 0.00000000 0.00000000 0.00000000 1.00000000
1305031911.03504992 -0.06535488 -0.02574571 0.04231491 0.01215151 -0.05760332 -0.05715679 0.99662796
1305031911.16517711 -0.09875824 -0.03573875 0.05171541 0.01663747 -0.12043883 -0.09779643 0.98775176
1305031911.36523509 -0.13525711 -0.04750411 0.07227225 0.02861430 -0.18482250 -0.14007182 0.97231772
1305031911.56533504 -0.17456009 -0.05550113 0.09410642 0.04494848 -0.23834201 -0.14540221 0.95918242
1305031911.79729700 -0.19832288 -0.04584525 0.11446959 0.05689308 -0.30253133 -0.19357479 0.93154000
1305031911.99725199 -0.21370074 -0.03933209 0.13277573 0.01918379 -0.37044219 -0.22508475 0.90096694
1305031912.29725003 -0.21195906 -0.06116771 0.15330414 0.02453335 -0.42457008 -0.29641366 0.85514753
1305031912.73312497 -0.18273799 -0.06435494 0.16987909 0.02547822 -0.49656172 -0.33893838 0.79868522
1305031913.19711304 -0.14083793 -0.08573274 0.19038642 0.05175969 -0.44891709 -0.30506319 0.83829042
1305031913.33312201 -0.12967419 -0.08557463 0.19764359 0.05261789 -0.40155702 -0.24330620 0.88135430
1305031913.49722695 -0.08511658 -0.07978172 0.20288063 0.06461654 -0.31498347 -0.18021863 0.92958666
1305031913.59713888 -0.08154183 -0.07465216 0.19192133 0.06854446 -0.24179125 -0.13743593 0.95809708
1305031913.69724298 -0.05877304 -0.05302072 0.17310025 0.06550530 -0.17250547 -0.09310940 0.97840766
1305031913.79710603 -0.04878539 -0.04500243 0.14872035 0.04308119 -0.10527821 -0.05143390 0.99217693
1305031913.89711595 -0.02672195 -0.03555523 0.12863000 0.02765212 -0.05286843 -0.00601155 0.99820046
1305031914.03344107 0.01964559 -0.02295856 0.10460059 0.02193272 -0.00310801 0.05062537 0.99847202
1305031914.03344107 0.01997075 -0.02342440 0.10498550 0.02214468 -0.00398693 0.05047242 0.99847196
1305031914.16501307 0.08746749 -0.00428051 0.07671505 0.02125640 0.03858884 0.09472094 0.99452854
1305031914.29716492 0.16432622 0.02071238 0.03819900 0.04136873 0.08313009 0.11070515 0.98950613
1305031914.49712706 0.29004655 0.07509809 -0.02260094 0.01748254 0.08563627 0.10177535 0.99096043
1305031914.69712901 0.41199008 0.12809861 -0.07629078 -0.00568429 0.09864908 0.08095569 0.99180755
1305031915.90123391 1.11758091 0.14500473 -0.21535380 0.00878446 -0.16128419 -0.15858802 0.97404316
1305031916.16515493 1.26492255 0.09083454 -0.18870713 0.06876615 -0.24258190 -0.20905654 0.94483893
1305031916.33342600 1.36752080 0.05179172 -0.16709334 0.12798923 -0.30925514 -0.22920771 0.91402617
1305031916.50102496 1.43307297 0.01062607 -0.18210059 0.20281566 -0.32121504 -0.22336220 0.89766143
1305031916.66513896 1.50502545 -0.03092537 -0.16400638 0.24197070 -0.38651331 -0.21150129 0.86447953
1305031916.86508489 1.55381898 -0.10499071 -0.11070328 0.27998012 -0.43788496 -0.19508909 0.83175005
1305031917.03315496 1.59143285 -0.18541871 -0.07152731 0.31350316 -0.48132522 -0.17322767 0.80002124
1305031917.16504502 1.74534280 -0.19391418 -0.05515098 0.37332728 -0.50231551 -0.15913339 0.76353287
1305031917.73300290 1.78841095 -0.28505519 0.10819265 0.28901901 -0.52780633 -0.20295929 0.77246101
1305031917.86510706 1.79273307 -0.29817561 0.20027309 0.21815107 -0.53793989 -0.23280058 0.78027859
1305031918.00109792 1.83507099 -0.32078577 0.23610807 0.15139488 -0.52768674 -0.27661735 0.78873895
1305031918.16501689 1.87427185 -0.35849097 0.30541710 0.09602765 -0.52726390 -0.33883603 0.77327977
1305031918.16501689 1.87508209 -0.35901562 0.30467474 0.09604503 -0.52753664 -0.33868676 0.77315699
1305031918.33316493 1.92039091 -0.39367274 0.39589039 0.05230310 -0.50553130 -0.39246026 0.76660123
1305031918.46508908 1.94266274 -0.43278276 0.48096941 0.01929589 -0.47395877 -0.43330283 0.76631548
1305031918.60102892 1.95488967 -0.48062387 0.56791617 0.00210673 -0.44827248 -0.45279174 0.77073146
1305031919.06514692 2.00276127 -0.67000213 0.75856310 0.04088771 -0.49211808 -0.56264719 0.66300538
1305031919.43325591 2.00835944 -0.79393849 0.91908334 -0.03380979 0.59410157 0.62233553 -0.50852602
1305031920.00105405 1.94659757 -1.02619305 1.06524324 0.00053960 0.71304574 0.56113759 -0.42034519
1305031920.40111494 1.77076486 -1.06761345 1.14392431 -0.00419828 0.72764912 0.51507834 -0.45299387
1305031920.53310490 1.72602998 -1.08130251 1.14655489 -0.02767576 0.71389567 0.48827905 -0.50116922
1305031920.70114708 1.67477903 -1.11051337 1.14572314 -0.05224457 0.69826813 0.45709311 -0.54841409
1305031920.80103111 1.65604510 -1.13059106 1.14662699 -0.07653712 0.67176705 0.42869624 -0.59924172
1305031920.93307710 1.62726297 -1.15982224 1.15611343 0.09729139 -0.64507304 -0.39585793 0.64630617
1305031921.10110497 1.58360504 -1.20556195 1.16621996 0.10821135 -0.59763302 -0.37543655 0.70012318
1305031921.30118799 1.53151083 -1.24879775 1.17512673 0.12619888 -0.54088678 -0.37616414 0.74163055
1305031921.53309894 1.49474398 -1.30443557 1.19402567 0.12823949 -0.49798010 -0.34164155 0.78667116
1305031921.70106792 1.48104460 -1.34030866 1.22160460 0.14657023 -0.43260486 -0.30969406 0.83394232
1305031921.83312201 1.46156754 -1.34878621 1.23791232 0.14969292 -0.36642335 -0.28814124 0.87195217
1305031921.83312201 1.46125610 -1.34906442 1.23669454 0.14892998 -0.36705690 -0.28830022 0.87176377
1305031922.06516600 1.41077021 -1.36936789 1.26324565 0.14093106 -0.29198985 -0.25890354 0.90986225
1305031922.30113697 1.36880904 -1.36588120 1.27585635 0.13246277 -0.22072798 -0.23271537 0.93785731
1305031922.50131202 1.33666638 -1.34732226 1.28375011 0.11415413 -0.15821565 -0.22429489 0.95479236
1305031922.73323488 1.31788812 -1.33505535 1.29871344 0.10176875 -0.09936157 -0.21298330 0.96664808
1305031923.03318405 1.34115286 -1.33216570 1.31048431 0.11982096 -0.04325525 -0.16977770 0.97721413
1305031923.33316898 1.38412654 -1.32802628 1.31508354 0.13314723 0.00923437 -0.12824297 0.98272086
1305031923.56519794 1.44131585 -1.31879324 1.29565094 0.13782960 0.04668699 -0.07794175 0.98628009
1305031923.90112090 1.55563157 -1.26379645 1.20604466 0.16477781 0.05773494 -0.05563832 0.98306629
1305031925.20111704 1.85226586 -0.92174323 0.93275344 0.20648933 -0.05325485 -0.10154670 0.97170692
1305031925.83314800 2.00799193 -0.73437755 0.87240161 0.19034552 -0.03143639 -0.09334856 0.97676322
1305031926.03315592 2.07316164 -0.68540765 0.85420319 0.14750090 -0.01260339 -0.06679534 0.98672338
1305031926.30105400 2.14951878 -0.61769207 0.79852238 0.13102615 0.03122626 -0.05140166 0.98955290
1305031926.56912208 2.20247012 -0.56689788 0.71396937 0.13535973 0.10301838 -0.00605226 0.98540770
1305031926.80134201 2.21353007 -0.54183378 0.66435870 0.12761660 0.17948087 0.06460839 0.97330693
1305031926.93334794 2.21243170 -0.51454574 0.65317546 0.11952997 0.25032179 0.12465491 0.95263463
1305031927.07052803 2.21573611 -0.48896889 0.64543555 0.09925916 0.31742924 0.17930445 0.92587051
1305031927.07052803 2.21585094 -0.48883946 0.64523886 0.09937658 0.31703168 0.17918743 0.92601678
1305031927.20121002 2.21285143 -0.45254352 0.65533492 0.07685411 0.36201493 0.22937229 0.90023718
1305031927.33313894 2.22467804 -0.40791571 0.66070734 0.04270020 0.37605463 0.26760969 0.88608389
1305031927.50113606 2.25204920 -0.34624855 0.65826965 0.01237447 0.39286558 0.30399262 0.86780873
1305031927.93346500 2.32545476 -0.22499855 0.61021541 -0.05352912 0.37490368 0.26519687 0.88670879
1305031928.26921606 2.40739927 -0.14735736 0.52629431 -0.07323176 0.39774924 0.27175250 0.87326012
1305031928.46923208 2.43307977 -0.12623303 0.48267219 -0.05930453 0.44419259 0.31301509 0.83737535
1305031928.63359499 2.45001666 -0.11986111 0.43288000 -0.01878111 0.49818270 0.35433323 0.79114425
1305031928.76920199 2.44851755 -0.12900144 0.39508872 0.01555643 0.54433562 0.35562643 0.75959632
1305031928.90119696 2.44275714 -0.15610399 0.35821447 0.05284334 0.58473599 0.35030759 0.72977804
1305031929.00115490 2.43560085 -0.18103706 0.33016365 0.08169598 0.61817992 0.33570605 0.70603173
1305031929.10121298 2.42723977 -0.20785455 0.30404515 0.10672710 0.65649065 0.31793870 0.67568065
1305031929.20116305 2.41779634 -0.23114852 0.28022629 0.13329230 0.69028367 0.30379861 0.64299925
1305031929.33352900 2.39805055 -0.27785857 0.25284739 0.17255332 0.72847986 0.28882287 0.59676109
1305031929.50119805 2.36294590 -0.33126164 0.22791503 0.21511816 0.75365634 0.27110752 0.55877276
1305031929.63444710 2.32645087 -0.37496279 0.21940715 0.23802739 0.77092745 0.24509163 0.53753503
1305031929.86924195 2.27417080 -0.44024059 0.23397118 0.27164701 0.78376697 0.19460530 0.52349404
1305031929.86924195 2.27429190 -0.44009117 0.23373977 0.27172607 0.78335742 0.19458843 0.52407197
1305031930.30110502 2.20020079 -0.42018107 0.21205004 0.24971727 0.81419812 0.21367736 0.47860704
1305031930.43329000 2.18922476 -0.41072631 0.21523684 0.21716871 0.83147989 0.24937065 0.44642269
1305031930.56900692 2.18051308 -0.38217390 0.21438568 0.18894509 0.83207374 0.29525054 0.42986062
1305031930.73319507 2.17321577 -0.34217430 0.23004470 0.15142584 0.81624184 0.35269745 0.43176844
1305031930.90082908 2.16488820 -0.29892117 0.24687227 0.11803723 0.79862884 0.39454269 0.43885677
1305031931.06890512 2.15697230 -0.25890483 0.26767169 0.08309527 0.78096828 0.44301137 0.43234783
1305031931.20069599 2.15355186 -0.22431363 0.27479437 0.05365722 0.76894347 0.48783772 0.40970868
1305031931.30095506 2.15874970 -0.19737635 0.28765580 0.02463597 0.76695572 0.52075111 0.37415275
1305031931.43289208 2.17915930 -0.17449023 0.30487894 0.00479606 0.77104761 0.55462488 0.31281595
1305031931.76891088 2.27804620 -0.11857212 0.32255476 0.00201672 0.77830416 0.59123056 0.21138825
1305031932.36883712 2.43952894 -0.02113637 0.30309888 0.07316629 0.75355821 0.61733276 0.21376852
1305031932.56897211 2.49171082 -0.00577158 0.25712312 0.09006620 0.74707839 0.59841437 0.27506761
1305031932.73284793 2.53375296 -0.01351986 0.21549144 0.09249607 0.74116424 0.56759587 0.34634516
1305031932.90121388 2.56853018 -0.02217214 0.17338109 0.10555996 0.74476315 0.52267316 0.40124521
1305031933.20094895 2.62278477 -0.00358439 0.13791065 0.10208778 0.77912903 0.48363400 0.38553107
1305031933.50080895 2.63650850 0.02004966 0.13203854 0.10473670 0.80408170 0.49678768 0.30932967
1305031933.50080895 2.63662539 0.02022383 0.13174920 0.10461839 0.80387632 0.49668102 0.31007389
1305031933.70093107 2.61799257 0.03254514 0.14710946 0.10629268 0.82153540 0.51197627 0.22729221
1305031933.90094209 2.58394060 0.04131778 0.18047397 0.10346275 0.82897747 0.53065705 0.14316043
1305031934.10091710 2.53581906 0.04092492 0.22554487 0.08782546 0.82413663 0.54960345 0.10498360
1305031934.30093408 2.47035233 0.02695250 0.26920341 0.07355743 0.81815789 0.56612382 0.06863524
1305031935.20095110 2.00210808 -0.02822212 0.23316695 0.00000393 0.84225665 0.49304300 0.21797327
1305031935.53690004 1.89147105 -0.02349559 0.12424119 0.04856414 0.84775621 0.49778765 0.17651739
1305031935.66910005 1.83843501 -0.04541981 0.07440020 0.05788475 0.87131802 0.46847469 0.13411088
1305031935.76897407 1.80209643 -0.07019417 0.05311082 0.03370247 0.89798963 0.43016199 0.08625216
1305031935.86902499 1.75965203 -0.08797548 0.04765320 0.02097972 0.91424120 0.40228657 0.04345557
1305031936.00081992 1.72605068 -0.11833217 0.02492511 0.00174559 0.92920245 0.36913083 0.01794991
1305031936.16889691 1.70624710 -0.11689260 -0.00700862 -0.01044596 0.94240721 0.33373398 -0.01952361
1305031936.36892700 1.66675679 -0.12528148 -0.02321047 0.01080143 0.95309514 0.29471676 -0.06808095
1305031937.06876493 1.41756242 0.04914136 -0.11444054 0.07472195 0.93077071 0.35445922 -0.04940827
1305031937.23689294 1.35661423 0.11234380 -0.12965997 0.09422495 0.90576724 0.41295698 -0.01318678
1305031937.46882391 1.29787697 0.21640614 -0.13802859 0.11205483 0.86435965 0.49020643 0.00487559
1305031937.63689089 1.27043376 0.28298753 -0.13149480 0.11168317 0.82711652 0.55064535 0.01395828
1305031937.63689089 1.27050332 0.28309777 -0.13166656 0.11155869 0.82704884 0.55075617 0.01457778
1305031937.80083394 1.24875686 0.34997704 -0.13331864 0.10311519 0.79818606 0.59352023 -0.00003938
1305031937.96883011 1.23072383 0.40275783 -0.13396147 0.09390920 0.77509511 0.62326357 -0.04417181
1305031938.13688493 1.20301213 0.44557978 -0.13956686 0.08658837 0.75235687 0.64434017 -0.10624190
1305031938.33690000 1.15439184 0.48880117 -0.13367711 0.09300751 0.72136319 0.66031865 -0.18698671
1305031938.53702807 1.10784561 0.50519401 -0.15456818 0.07064812 0.71441214 0.64915685 -0.25143495
1305031938.66874695 1.09065000 0.48056722 -0.16239863 0.03680907 0.72992693 0.62133373 -0.28248216
1305031938.80078101 1.08376737 0.43722616 -0.18246645 -0.00904878 0.75194911 0.58347004 -0.30668123
1305031938.90097594 1.08389842 0.39979640 -0.20057072 -0.04718783 0.76776775 0.54926524 -0.32651751
1305031939.00102997 1.07957138 0.34501932 -0.21430967 -0.06743688 0.78203737 0.51651277 -0.34217594
1305031939.16881490 1.07448848 0.28986621 -0.22252335 -0.08902384 0.80830860 0.45833998 -0.35865919
1305031939.30084205 1.07520949 0.24924380 -0.22657106 -0.11437011 0.83175393 0.40446303 -0.36264934
1305031939.40084791 1.07173639 0.20740922 -0.22463222 -0.13405752 0.85052298 0.35438625 -0.36475968
1305031939.66886711 1.07573261 0.12281461 -0.22285860 -0.14557621 0.86979318 0.28781106 -0.37340620
1305031939.90363312 1.06933971 0.08077223 -0.21554189 -0.14053678 0.84548643 0.28190614 -0.43119722
1305031940.03708792 1.05482076 0.07871060 -0.20095045 -0.13390858 0.81154014 0.30078406 -0.48270079
1305031940.16873693 1.02936075 0.10410151 -0.22291720 -0.15293576 0.77450452 0.30512717 -0.53258879
1305031940.16873693 1.02945246 0.10424010 -0.22312275 -0.15287532 0.77472954 0.30527189 -0.53219578
1305031940.33673191 0.98602979 0.14971243 -0.23985733 -0.14696418 0.73492872 0.29131701 -0.59448777
1305031940.43675590 0.95640491 0.18684445 -0.25866825 -0.13333890 0.68845680 0.28599080 -0.65303693
1305031940.56875801 0.92789669 0.22693447 -0.25385577 0.11659989 -0.64581964 -0.27640092 0.70208546
1305031940.73694706 0.89036687 0.25390370 -0.25066055 0.12284783 -0.59935660 -0.27346611 0.74222393
1305031940.90330505 0.84082826 0.28564659 -0.23805171 0.11919762 -0.55728422 -0.28979316 0.76892532
1305031941.17114401 0.71509516 0.34484898 -0.20659963 0.10844404 -0.49589912 -0.32137380 0.79940155
1305031941.53722000 0.53860290 0.37215589 -0.17225887 0.06099321 -0.42295289 -0.24656623 0.86982514
1305031941.83684802 0.39257925 0.40312339 -0.13988166 0.06001519 -0.32958938 -0.22428813 0.91513051
1305031942.63994193 0.09207220 0.56746616 -0.06901902 0.05539396 -0.29809707 -0.23688879 0.92301319
1305031943.40424490 -0.02847197 0.40854481 0.05860383 0.04660585 -0.35457690 -0.26753149 0.89472343
1305031943.63802600 -0.03475924 0.30163740 0.06646686 0.07323103 -0.36052205 -0.25299075 0.89479425
1305031943.86887288 -0.04920601 0.20191336 0.04358647 0.11547644 -0.36820806 -0.25096441 0.88775271
1305031944.07088590 -0.07008050 0.13854636 0.03792016 0.17246189 -0.37433666 -0.23095302 0.88135672
1305031944.30693412 -0.04060579 0.11763827 0.00992713 0.20879919 -0.34942216 -0.18359888 0.89476170
1305031944.53906894 0.01122079 0.12939516 -0.02085151 0.20190300 -0.27304024 -0.12429869 0.93232722
1305031944.70777392 0.03830018 0.13040992 -0.01303279 0.17076940 -0.21003483 -0.11254418 0.95606328
1305031944.70777392 0.03817617 0.13084439 -0.01347511 0.17055647 -0.20989258 -0.11262837 0.95612261
1305031944.87571907 0.05309933 0.12558842 -0.01568608 0.14600711 -0.14572208 -0.10024747 0.97334344
1305031945.06917691 0.08031131 0.09646750 -0.01767773 0.18026728 -0.11403660 -0.06575439 0.97476957
1305031945.20710707 0.11634490 0.08561452 -0.02983707 0.25505053 -0.13315567 -0.05338382 0.95622642
1305031945.43681788 0.16460311 0.05417174 -0.04856248 0.31780955 -0.14955278 -0.05236120 0.93482050
1305031945.73867297 0.27045568 0.05971429 -0.01201193 0.34029052 -0.12785569 -0.05737705 0.92981888
1305031945.86925793 0.31428101 0.07610680 0.02160139 0.29571192 -0.10304753 -0.05503964 0.94810670
1305031945.96930003 0.34449862 0.08748704 0.03253142 0.23821311 -0.07657089 -0.04543807 0.96712295
1305031946.06905699 0.36912149 0.09767398 0.03743254 0.18717329 -0.04064576 -0.03097048 0.98099690
1305031946.23736906 0.40797984 0.12118460 0.03036717 0.14998204 -0.00637462 -0.01816258 0.98850133
1305031946.50658607 0.44799529 0.20560689 -0.05335391 0.10020824 -0.03207648 -0.03438013 0.99385483
1305031946.96906400 0.52745643 0.34170549 -0.26468217 0.07605860 -0.00631653 -0.03160089 0.99658245
1305031947.90499496 0.97591623 0.35935689 -0.26976207 0.11820226 -0.18947911 -0.20180268 0.95362549
1305031948.70507503 1.28151335 0.14859417 0.02717127 0.08364612 -0.24456993 -0.28175621 0.92401424
1305031948.86883497 1.33362174 0.10843494 0.09684301 0.05747817 -0.21790798 -0.28031966 0.93307731
1305031949.00500607 1.36677980 0.08493446 0.17020866 -0.00165905 -0.20770035 -0.27740291 0.93803275
1305031949.13726306 1.38806850 0.07375110 0.24380584 -0.06762213 -0.20260505 -0.28635556 0.93401228
1305031949.13726306 1.38708976 0.07340849 0.24347571 -0.06812511 -0.20273460 -0.28670711 0.93383975
1305031949.40506411 1.44599649 0.03064424 0.33170658 -0.12789984 -0.25895194 -0.36531065 0.88494839
1305031949.70500302 1.49497137 -0.07907210 0.34492316 -0.06906730 -0.33416745 -0.40145274 0.84993972
1305031949.83696389 1.49611023 -0.13355539 0.32926134 -0.01279675 -0.35788424 -0.38849935 0.84901318
1305031949.93685794 1.50247287 -0.17251921 0.31688069 0.04287807 -0.37870220 -0.37203865 0.84636479
1305031950.03698897 1.50766922 -0.21128440 0.30213224 0.09608354 -0.37710021 -0.34815730 0.85284810
1305031950.13699698 1.50215978 -0.26925759 0.28233955 0.14717917 -0.37580032 -0.30592191 0.86227849
1305031950.23702693 1.51632195 -0.30326356 0.27238560 0.22580137 -0.38386563 -0.25233668 0.85906177
1305031950.33719707 1.53322407 -0.32935809 0.25724714 0.28114823 -0.38107247 -0.22418343 0.85175186
1305031950.46897602 1.55540418 -0.34258730 0.23764955 0.34043039 -0.39398498 -0.19898306 0.83023414
1305031950.83713508 1.54279656 -0.34436839 0.33634361 0.26753793 -0.39536961 -0.21846077 0.85110588
1305031951.00483608 1.55683744 -0.33890865 0.38144469 0.19401974 -0.39386054 -0.25121655 0.86262417
1305031951.20491409 1.61912276 -0.32113858 0.43698921 0.14579003 -0.40484178 -0.30077911 0.85110536
1305031951.36883998 1.69154695 -0.33058899 0.48527162 0.10499634 -0.41263196 -0.38150636 0.82046544
1305031951.53688788 1.75656062 -0.35422334 0.55236239 0.06892319 -0.39567267 -0.42165994 0.81295487
1305031951.66892910 1.80249876 -0.38564755 0.61764852 0.03888699 -0.37639136 -0.43054050 0.81942189
1305031951.80488610 1.82958288 -0.40928427 0.69017778 0.00303513 -0.34854780 -0.43693754 0.82921095
1305031951.80488610 1.82906207 -0.40919012 0.68989229 0.00276518 -0.34866246 -0.43723452 0.82900712
1305031951.93696189 1.84675006 -0.43774412 0.76437711 -0.02630190 -0.31974482 -0.43743474 0.84007280
1305031952.53694797 1.82275803 -0.60828701 0.95774981 -0.01589373 -0.41937844 -0.48996832 0.76406816
1305031952.76895690 1.80466482 -0.64729153 0.97917513 0.01903955 -0.46122683 -0.45586031 0.76098534
1305031952.90492010 1.78619511 -0.66643204 0.99201956 0.03641475 -0.52687410 -0.43972795 0.72644131
1305031953.03694296 1.79319023 -0.69833632 1.00337654 0.05278185 -0.58153554 -0.43733228 0.68393784
1305031953.37296391 1.78593300 -0.76352789 0.99477089 -0.08987880 0.63438640 0.45373404 -0.61935541
1305031953.97285700 1.84655495 -0.73350508 0.91313546 0.00185087 -0.57825902 -0.43741046 0.68868365
1305031954.13693905 1.85275444 -0.71444756 0.87808546 0.01907799 -0.50564031 -0.44992051 0.73589091
1305031955.27290511 1.86401839 -0.46295501 0.50392960 0.05522543 -0.35576755 -0.40599271 0.83996995
