1305033527.67003393 0.00000000 0.00000000 0.00000000 0.00000000 0.00000000 0.00000000 1.00000000
1305033527.93392897 -0.00410858 0.04124374 -0.03894147 -0.02731370 0.01804515 0.01539751 0.99934541
1305033529.23393297 0.15028355 -0.22586724 0.29962197 -0.00847558 0.01213336 0.02332248 0.99961843
1305033529.80190396 0.18667333 -0.44011076 0.54288009 0.01597614 0.03717365 0.03304214 0.99863462
1305033530.50317597 0.28217517 -0.69388497 0.90442240 0.01561060 0.02759976 0.03302918 0.99895127
1305033530.96991801 0.34340824 -0.85894526 1.10556254 0.02865376 0.02923431 0.02217802 0.99891564
1305033531.80270100 0.29100120 -0.79114909 1.02126981 0.01684423 0.09378341 0.07499401 0.99262120
1305033532.17122412 0.20819092 -0.69207110 0.88691619 0.01442994 0.15524096 0.12004630 0.98044934
1305033532.77210999 0.14252472 -0.53893014 0.66883085 0.01391876 0.19604548 0.12738781 0.97218557
1305033533.03790092 0.10952591 -0.45144582 0.56153725 -0.00156394 0.24772923 0.15718586 0.95599184
1305033533.27060390 0.09394054 -0.41846991 0.51317675 -0.00583025 0.32264824 0.22195300 0.92010923
1305033533.43781400 0.05910354 -0.41270854 0.49181667 0.00714673 0.39009408 0.28141009 0.87668917
1305033533.70220709 -0.00363506 -0.37633509 0.45450937 0.01862033 0.45899514 0.33384889 0.82311704
1305033533.97079206 -0.07524287 -0.34558237 0.41590859 0.02108378 0.51293224 0.36487814 0.77673672
1305033534.23866105 -0.19420303 -0.32123157 0.37416530 0.03164639 0.55968678 0.39394645 0.72839235
1305033534.53858590 -0.35548337 -0.30490511 0.35690082 0.02166678 0.59223027 0.42218355 0.68597005
1305033534.90688109 -0.54317054 -0.31891569 0.40031128 0.03034029 0.64963423 0.46104853 0.60372931
1305033534.90688109 -0.54342169 -0.31913466 0.39999351 0.03019588 0.64949397 0.46101056 0.60391643
1305033535.20638108 -0.71192600 -0.34842211 0.48089387 0.02436412 0.67043579 0.49782408 0.54963026
1305033535.83773589 -0.89941510 -0.37471699 0.53136064 0.01824986 0.67194626 0.52040041 0.52662945
1305033537.00734591 -0.85951458 -0.35747474 0.48921436 0.01983814 0.70295951 0.53700410 0.46591948
1305033537.54340005 -0.73603229 -0.32075465 0.44009500 0.03450590 0.72467495 0.54471241 0.42064707
1305033537.90244603 -0.63680645 -0.26635171 0.38360142 0.04562514 0.74103191 0.55904747 0.36912868
1305033538.27579403 -0.56136544 -0.22063322 0.29211416 0.03443234 0.76363564 0.56958535 0.30207209
1305033538.54340506 -0.50333623 -0.19302012 0.23954764 0.02737123 0.78754585 0.56425980 0.24623815
1305033538.80294895 -0.45078885 -0.17707912 0.19004536 0.03491125 0.80829997 0.56100240 0.17523887
1305033539.04457688 -0.42083915 -0.15956299 0.14894892 0.04508472 0.82301118 0.55516270 0.11141969
1305033539.50333190 -0.41821318 -0.08692755 0.06813213 0.04371910 0.82626346 0.56002745 0.04179224
1305033540.23961806 -0.47797088 -0.02262132 0.01856079 0.03446461 0.81823479 0.57330727 -0.02495575
1305033540.80374503 -0.50181954 -0.07415638 0.12210948 0.03031038 0.81156156 0.58023354 -0.06146665
1305033541.50400901 -0.52787307 -0.15768567 0.22303707 0.02790196 0.81177963 0.57253588 -0.11152566
1305033542.07193708 -0.57253259 -0.23165911 0.33018836 0.02565882 0.79630751 0.58020760 -0.16910089
1305033542.60801506 -0.62554516 -0.31662722 0.45347244 0.03019647 0.78941593 0.57072687 -0.22401226
1305033543.13995099 -0.61770459 -0.40018404 0.58488690 0.02103944 0.77804064 0.56725265 -0.26913665
1305033543.13995099 -0.61813690 -0.40056129 0.58436189 0.02081353 0.77830011 0.56710646 -0.26871175
1305033543.64062691 -0.61420841 -0.47105206 0.67823560 0.02546028 0.75751957 0.55180176 -0.34789465
1305033543.97194099 -0.55880819 -0.50480112 0.74116061 0.01879908 0.72517491 0.55278673 -0.41011556
1305033544.40792704 -0.49177557 -0.53923119 0.82662411 0.02307851 0.69511587 0.54461659 -0.46869402
1305033544.80798292 -0.46341453 -0.58118512 0.88203708 0.03526371 0.66793318 0.52761595 -0.52368229
1305033545.30805802 -0.46670439 -0.63968222 0.92348184 0.03383329 0.63351304 0.50753802 -0.58302804
1305033545.90798211 -0.57365919 -0.64949225 0.92305244 -0.03293939 -0.62129472 -0.47285559 0.62395149
1305033546.47209406 -0.76076773 -0.63919467 0.95129106 -0.02565369 -0.60432749 -0.46204486 0.64857129
1305033547.40792394 -1.07410984 -0.64892527 0.94858441 -0.01889522 -0.57329653 -0.44880918 0.68523309
1305033548.27209306 -1.38477582 -0.63633192 0.94522797 -0.02916670 -0.57160859 -0.44944170 0.68586812
1305033549.04000902 -1.64849536 -0.64587144 0.96404334 -0.03216996 -0.57467301 -0.46868734 0.67011058
1305033549.73998404 -1.90532462 -0.63639978 0.97734566 -0.04174074 -0.57872365 -0.47800914 0.65942695
1305033550.07200289 -2.05422122 -0.62687668 0.97724297 0.03033687 0.61505772 0.49335238 -0.61431841
1305033550.40799308 -2.18862936 -0.58036435 0.96882095 -0.01083920 0.64627429 0.48787462 -0.58667743
1305033550.70800805 -2.25328426 -0.49121606 0.91044504 -0.02817973 0.67277408 0.49069844 -0.55298822
1305033550.94000196 -2.32405773 -0.42080596 0.85545468 -0.02080918 0.70749186 0.48018286 -0.51811838
1305033551.10795403 -2.36078258 -0.38117376 0.80304558 -0.01775700 0.73862616 0.47180852 -0.48115777
1305033551.10795403 -2.36105953 -0.38141821 0.80270764 -0.01770569 0.73890333 0.47161045 -0.48092823
1305033551.30799198 -2.39594852 -0.36599362 0.75732001 -0.02507435 0.77288675 0.47819184 -0.41635310
1305033551.64005399 -2.43858289 -0.36986868 0.70077912 -0.02440342 0.79675273 0.48455864 -0.36026726
1305033553.54001808 -2.62167084 -0.39045010 0.76152535 -0.03389913 0.77361533 0.51211008 -0.37163617
1305033553.77586794 -2.55831379 -0.44983585 0.82147915 -0.04490584 0.74522784 0.49313134 -0.44658752
1305033553.97599101 -2.48561629 -0.49213586 0.87244938 -0.05099023 0.71515881 0.47416419 -0.51099529
1305033554.17600703 -2.39771636 -0.51590775 0.91951585 -0.04292339 0.68356823 0.45599390 -0.56829712
1305033554.40798998 -2.31382973 -0.53516174 0.96143226 -0.03911032 0.64488552 0.44343132 -0.62125817
1305033554.90795898 -2.12299859 -0.57274345 1.01082577 0.03054692 -0.57227806 -0.39176068 0.71978349
1305033555.80800509 -1.81937205 -0.54378882 0.95405270 0.02579200 -0.55185955 -0.38660550 0.73845921
1305033556.70798302 -1.99262629 -0.58071201 1.03133009 0.01858850 -0.49400125 -0.35004570 0.79566654
1305033557.20797491 -2.19505966 -0.64688915 1.11623154 0.02490023 -0.41515602 -0.30996381 0.85495491
1305033558.13998294 -2.47301441 -0.76391947 1.33141899 0.00438605 -0.32701497 -0.25019491 0.91128726
1305033558.57601309 -2.51053460 -0.85628202 1.45792446 0.01339648 -0.25727066 -0.19405568 0.94655942
1305033558.83987093 -2.49660619 -0.91109409 1.52088520 0.02396319 -0.19893978 -0.15032305 0.96811761
1305033559.10964608 -2.46814075 -0.96784193 1.58125682 0.03446884 -0.15370135 -0.11081405 0.98127878
1305033560.07606602 -2.40893149 -0.87685419 1.48041888 0.00724512 -0.18322467 -0.13700635 0.97345030
1305033560.07606602 -2.40932468 -0.87721410 1.47991707 0.00708627 -0.18334240 -0.13714319 0.97341003
1305033560.37614012 -2.35662126 -0.80483640 1.37261584 0.00060399 -0.24123469 -0.18805039 0.95207274
1305033560.64009094 -2.27635746 -0.74692192 1.24417267 -0.00055434 -0.30620024 -0.22632600 0.92467164
1305033561.07598090 -2.13538007 -0.65645844 1.08776081 -0.02100180 -0.37733907 -0.27647359 0.88359295
1305033561.44416690 -2.05355771 -0.61490095 0.98657518 -0.03078904 -0.45124818 -0.32835701 0.82922180
1305033561.97603106 -1.94606030 -0.58721800 0.90511729 -0.01797792 -0.52918968 -0.33149927 0.78086062
1305033562.40817404 -1.90171098 -0.64501278 0.78801789 0.01561248 -0.57593449 -0.30991425 0.75631268
1305033563.44396210 -1.67318437 -0.62448565 0.78242244 0.02212235 -0.53024323 -0.30490908 0.79081172
1305033564.80799007 -1.17580840 -0.45403021 0.70412320 0.00845542 -0.40791277 -0.26983742 0.87219461
1305033565.17589998 -1.03039813 -0.41639917 0.66724041 -0.00250324 -0.35127067 -0.24085353 0.90476087
1305033565.37657404 -0.95743203 -0.38809377 0.64469893 -0.00278920 -0.30779888 -0.21237507 0.92744213
1305033565.67606401 -0.86370044 -0.34336228 0.59230428 -0.00813355 -0.24174009 -0.16951004 0.95538574
1305033565.94407511 -0.76241529 -0.31161830 0.55457090 -0.01005221 -0.19776775 -0.13382627 0.97101874
1305033566.20802999 -0.66184193 -0.27409185 0.51136547 -0.00668895 -0.15140150 -0.10951358 0.98236430
1305033566.44390988 -0.56529640 -0.23534899 0.46921778 -0.00618781 -0.11392054 -0.07204563 0.99085481
1305033566.67598605 -0.48456119 -0.17733240 0.41332361 -0.01094650 -0.07132836 -0.03575382 0.99675178
1305033566.84488893 -0.45865228 -0.15079227 0.37586443 -0.01786715 -0.02588505 -0.00087702 0.99950486
1305033566.84488893 -0.45836485 -0.15057912 0.37647023 -0.01760584 -0.02560629 -0.00070022 0.99951681
1305033567.10891604 -0.42782406 -0.08952054 0.31632506 -0.01159167 0.03841684 0.04308005 0.99826544
1305033567.24401808 -0.42513013 -0.05139820 0.28921001 -0.01472830 0.07042988 0.06344413 0.99538814
1305033567.40801501 -0.43294469 -0.01235283 0.25902967 -0.02474066 0.09973788 0.08910885 0.99070675
1305033567.57603908 -0.43546506 0.01500903 0.24542307 -0.03219068 0.11575248 0.10725613 0.98694541
1305033567.77609992 -0.42138202 0.02086839 0.25100645 -0.03974139 0.12887130 0.11994628 0.98357801
1305033568.04468989 -0.38234800 -0.01990167 0.28059250 -0.02552288 0.14533759 0.13246082 0.98014269
1305033569.91041493 0.06223952 -0.58432431 0.89714268 0.00764730 0.18386018 0.13033717 0.97424287
1305033572.87927890 -0.08502951 -0.64696201 0.66981978 -0.05181719 0.13251512 0.09323306 0.98542494
1305033573.04713392 -0.13121855 -0.70995233 0.63722979 -0.07820466 0.06680398 0.05296428 0.99328548
1305033573.14619398 -0.17140251 -0.75601644 0.64227746 -0.08001145 0.01839991 0.02190810 0.99638328
1305033573.24566293 -0.20626180 -0.79905976 0.65992040 -0.07108344 -0.03428749 -0.01430896 0.99677819
1305033573.34670091 -0.25795517 -0.85512743 0.68144020 -0.05338973 -0.08941478 -0.05489307 0.99304647
1305033573.41347408 -0.29299188 -0.90356935 0.68448802 -0.02888094 -0.12875386 -0.07946981 0.98806522
1305033573.47682190 -0.34121100 -0.95180961 0.68777714 0.00097742 -0.15775495 -0.09140345 0.98323844
1305033573.54694009 -0.39616583 -1.00707266 0.70260315 0.03281022 -0.17070486 -0.10461171 0.97920362
1305033573.64486790 -0.47140150 -1.07679090 0.70672971 0.07850878 -0.17309668 -0.10812455 0.97579864
1305033573.64486790 -0.47140150 -1.07679090 0.70672971 0.07850878 -0.17309668 -0.10812455 0.97579864
1305033573.74655199 -0.54167853 -1.13359457 0.70386921 0.10671438 -0.14872369 -0.07723473 0.98006536
1305033573.87690091 -0.64265005 -1.18820387 0.69395541 0.13682359 -0.11369635 -0.06195641 0.98209666
